9.999915		10.420000		2.276843		5.343205
19.999830		10.780000		2.271929		10.522477
20.000001		18.120001		2.210040		15.589764
29.999745		21.070000		2.201872		20.638154
29.999951		43.980000		2.112268		25.687176
39.999660		50.070000		2.094878		30.816880
40.000003		57.500000		2.052866		36.026404
40.000043		65.559998		1.929966		41.102315
49.999575		68.320000		1.899364		46.139633
49.999957		73.760002		1.758464		51.199108
59.999491		75.099998		1.712950		56.277350
59.999903		76.629997		1.609191		61.270522
59.999955		79.339996		1.461964		66.380507
60.000004		80.610001		1.379532		71.368173
69.999406		81.559998		1.330283		76.370888
70.000024		83.150002		1.201719		81.357158
79.999321		83.889999		1.151603		86.379792
80.000005		84.879997		1.071373		91.424712
80.000086		85.730003		0.974608		96.544390
80.000095		86.870003		0.883264		101.588918
89.999236		86.970001		0.851123		106.629538
89.999854		87.349998		0.790520		111.609722
89.999953		87.910004		0.725015		116.604296
99.999151		88.040001		0.701493		121.654285
99.999913		88.449997		0.647920		126.734066
99.999945		88.900002		0.601263		131.761429
100.000007		88.910004		0.576547		136.757292
109.999066		88.910004		0.562479		141.733380
119.998981		88.970001		0.547805		146.733329
119.999805		89.269997		0.520309		151.714308
119.999910		89.540001		0.487529		156.742459
120.000008		89.750000		0.470503		161.695694
120.000129		90.000000		0.447372		166.681890
129.998896		90.050003		0.440393		171.664573
139.998811		90.089996		0.433260		176.591337
140.000009		90.180000		0.422014		181.573127
140.000048		90.260002		0.401513		186.570732
149.998726		90.290001		0.396016		191.590938
149.999756		90.379997		0.384964		196.658423
149.999870		90.629997		0.369631		201.710805
159.998641		90.690002		0.365411		206.729399
160.000010		90.760002		0.359065		211.854330
160.000172		90.870003		0.347908		217.081855
160.000190		91.300003		0.332945		222.230254
169.998557		91.339996		0.329724		227.355281
179.998472		91.389999		0.326926		232.454181
179.999708		91.519997		0.320467		237.536084
179.999865		91.730003		0.308484		242.669647
179.999907		92.070000		0.295606		247.796983
180.000012		92.089996		0.292232		252.910833
189.998387		92.260002		0.290275		257.865864
199.998302		92.220001		0.288215		262.906662
199.999826		92.459999		0.280601		267.893784
199.999889		92.620003		0.271520		272.862621
200.000013		92.699997		0.268850		277.846154
200.000216		92.800003		0.262933		282.962880
209.998217		92.889999		0.261292		288.218351
209.999659		92.940002		0.257721		293.525510
210.000071		93.050003		0.251340		298.848298
219.998132		93.120003		0.249958		304.026458
220.000014		93.169998		0.247828		309.622064
229.998047		93.180000		0.246442		315.181925
239.997962		93.180000		0.245071		321.022125
239.999610		93.349998		0.241687		326.150900
239.999820		93.519997		0.235840		331.154885
240.000016		93.570000		0.234025		336.090369
240.000259		93.559998		0.230484		340.987319
240.000285		93.599998		0.227092		345.946863
249.997877		93.680000		0.225433		351.000729
249.999783		93.820000		0.221080		355.925043
259.997792		93.900002		0.219707		360.885744
260.000017		93.980003		0.218080		365.858519
269.997707		93.949997		0.217075		370.798028
269.999561		93.989998		0.214891		375.799738
269.999860		94.239998		0.208937		380.815584
279.997623		94.269997		0.207763		385.817773
280.000018		94.309998		0.206233		390.858719
280.000095		94.489998		0.201923		395.739876
280.000302		94.480003		0.199192		400.670360
289.997538		94.510002		0.198501		405.700699
299.997453		94.529999		0.197677		410.839485
299.999513		94.639999		0.195177		416.008673
299.999740		94.650002		0.192095		421.219175
299.999775		94.699997		0.188131		426.262401
299.999834		94.820000		0.184151		431.465611
300.000020		94.820000		0.183200		436.591667
309.997368		94.879997		0.182554		441.636118
319.997283		94.910004		0.182024		446.757667
320.000021		94.879997		0.181113		451.874727
320.000345		94.910004		0.179326		456.958718
320.000379		95.089996		0.175085		462.127227
329.997198		95.110001		0.174572		467.300415
329.999464		95.139999		0.173285		472.477858
339.997113		95.139999		0.172669		477.634195
340.000022		95.150002		0.171405		482.845227
349.997028		95.180000		0.170835		488.659476
349.999696		95.230003		0.168585		494.585143
350.000119		95.360001		0.165882		500.581115
359.996943		95.360001		0.165080		506.525226
359.999415		95.440002		0.163045		512.484326
359.999730		95.480003		0.160697		517.743246
359.999813		95.550003		0.156888		522.848518
360.000024		95.580002		0.156183		527.893436
360.000388		95.660004		0.154354		532.973632
369.996858		95.650002		0.153999		538.096395
379.996773		95.680000		0.153707		543.462384
380.000025		95.720001		0.153051		548.730738
389.996689		95.750000		0.152748		553.899395
389.999366		95.720001		0.151361		559.395748
399.996604		95.760002		0.150954		565.414232
399.999653		95.699997		0.149933		571.422234
399.999778		95.739998		0.147615		577.531988
400.000026		95.750000		0.146847		583.600721
400.000431		95.809998		0.145623		589.513443
400.000474		95.809998		0.143606		595.763387
409.996519		95.830002		0.143185		601.970809
419.996434		95.849998		0.142795		608.800094
419.999318		95.970001		0.141793		614.972709
419.999685		96.029999		0.139194		621.247459
420.000027		96.019997		0.138773		627.413975
420.000143		96.010002		0.137492		633.941576
429.996349		96.019997		0.137066		640.557465
439.996264		96.040001		0.136564		647.419673
440.000029		96.129997		0.135974		654.609050
440.000474		96.150002		0.134640		660.932739
449.996179		96.120003		0.134428		667.162124
449.999269		96.120003		0.133570		673.244900
449.999610		96.169998		0.132113		679.509691
449.999766		96.230003		0.129614		685.697151
459.996094		96.190002		0.129318		691.893096
460.000030		96.209999		0.129004		698.036225
469.996009		96.190002		0.128754		704.267078
479.995924		96.199997		0.128472		710.448553
479.999220		96.330002		0.127805		716.727768
479.999640		96.199997		0.126671		722.923746
480.000031		96.230003		0.126093		729.173100
480.000517		96.389999		0.125134		735.245391
480.000569		96.419998		0.123060		741.510172
489.995839		96.419998		0.122743		747.760006
490.000166		96.440002		0.121796		754.066148
499.995755		96.449997		0.121620		760.340747
499.999566		96.459999		0.120157		766.460437
499.999723		96.489998		0.118970		772.803480
500.000033		96.459999		0.118922		779.108625
509.995670		96.500000		0.118561		785.393346
509.999171		96.540001		0.117561		791.682534
519.995585		96.570000		0.117240		797.853070
520.000034		96.559998		0.116934		804.094911
520.000561		96.610001		0.115775		810.363137
529.995500		96.599998		0.115551		816.575588
539.995415		96.650002		0.115369		822.691239
539.999123		96.690002		0.114900		828.724147
539.999595		96.690002		0.113693		834.834824
539.999720		96.750000		0.112043		841.019292
540.000035		96.790001		0.111713		847.324006
549.995330		96.790001		0.111266		853.503993
549.999523		96.809998		0.110394		859.595709
559.995245		96.800003		0.110102		865.747264
560.000037		96.839996		0.110151		871.930260
560.000190		96.739998		0.109929		878.182546
560.000604		96.830002		0.108617		884.386001
560.000664		96.879997		0.107800		890.685163
569.995160		96.889999		0.107374		896.675150
569.999074		96.879997		0.106914		902.992785
579.995075		96.940002		0.106530		909.130407
580.000038		96.930000		0.106505		915.314920
589.994990		96.940002		0.105986		921.519334
599.994905		96.940002		0.105931		927.632039
599.999025		96.919998		0.105424		933.751204
599.999479		96.940002		0.104564		939.872840
599.999550		96.930000		0.104073		946.065811
599.999668		96.940002		0.103338		952.356011
600.000039		96.980003		0.103221		958.543977
600.000647		96.989998		0.101804		964.535959
609.994821		96.989998		0.101467		970.623684
619.994736		96.970001		0.101158		976.799191
620.000041		97.000000		0.100947		982.907876
629.994651		97.000000		0.100700		989.088392
629.998976		97.050003		0.099643		995.215554
629.999673		97.129997		0.097847		1001.408998
630.000214		97.169998		0.097017		1007.599450
639.994566		97.160004		0.096849		1013.912574
640.000042		97.230003		0.096754		1020.107029
640.000690		97.199997		0.095986		1026.343358
640.000759		97.199997		0.095767		1032.511379
649.994481		97.199997		0.095444		1038.745713
649.999436		97.209999		0.094913		1044.958645
659.994396		97.209999		0.094625		1051.019015
659.998928		97.199997		0.094210		1057.253857
659.999505		97.199997		0.094014		1063.298697
660.000043		97.239998		0.093530		1069.550491
669.994311		97.269997		0.093229		1075.788873
679.994226		97.279999		0.093013		1081.956386
680.000044		97.300003		0.092740		1088.116918
680.000733		97.320000		0.091915		1094.164750
689.994141		97.309998		0.091778		1100.348653
689.998879		97.370003		0.091220		1106.513174
699.994056		97.349998		0.091034		1112.891632
699.999393		97.360001		0.090652		1119.274078
699.999612		97.269997		0.090709		1125.594260
700.000046		97.309998		0.090446		1131.559837
700.000238		97.250000		0.090920		1137.719362
709.993971		97.269997		0.090475		1143.893856
719.993887		97.290001		0.090264		1150.093148
719.998830		97.349998		0.089515		1156.346431
719.999460		97.320000		0.089247		1162.360355
719.999626		97.400002		0.088098		1168.586726
720.000047		97.389999		0.087834		1174.808622
720.000776		97.400002		0.087171		1181.035975
720.000854		97.430000		0.086437		1187.304253
729.993802		97.470001		0.086178		1193.451350
739.993717		97.489998		0.085905		1199.562015
740.000048		97.470001		0.085593		1205.675180
749.993632		97.480003		0.085323		1211.894622
749.998781		97.489998		0.084723		1218.018269
749.999349		97.500000		0.084057		1224.143925
759.993547		97.489998		0.083919		1230.081055
760.000050		97.500000		0.083664		1236.265058
760.000819		97.519997		0.083109		1242.451520
769.993462		97.500000		0.082956		1248.592105
770.000261		97.529999		0.083289		1254.789538
779.993377		97.550003		0.083142		1260.909685
779.998733		97.550003		0.082449		1267.086174
779.999416		97.580002		0.082062		1273.235261
780.000051		97.629997		0.081811		1279.257670
789.993292		97.620003		0.081658		1285.317471
799.993207		97.629997		0.081426		1291.506925
799.999306		97.650002		0.081061		1297.479971
799.999557		97.599998		0.080388		1303.582644
800.000052		97.589996		0.080256		1309.703282
800.000862		97.650002		0.079503		1315.816981
800.000948		97.610001		0.079320		1322.043335
809.993122		97.639999		0.079075		1328.058256
809.998684		97.669998		0.078612		1334.150480
809.999580		97.680000		0.077630		1340.366863
819.993037		97.690002		0.077423		1346.478524
820.000054		97.709999		0.077321		1352.652546
829.992953		97.730003		0.077231		1358.747777
839.992868		97.730003		0.077181		1364.884880
839.998635		97.739998		0.076730		1371.055398
839.999371		97.739998		0.076769		1377.251833
840.000055		97.720001		0.076908		1383.457245
840.000285		97.760002		0.076058		1389.707536
840.000906		97.760002		0.075532		1395.814746
849.992783		97.750000		0.075385		1402.009203
849.999263		97.730003		0.075241		1408.166744
859.992698		97.730003		0.075060		1414.407075
860.000056		97.760002		0.075114		1420.480348
869.992613		97.779999		0.074942		1426.550122
869.998586		97.790001		0.074563		1432.595491
879.992528		97.790001		0.074475		1438.669255
880.000058		97.790001		0.074395		1444.758542
880.000949		97.790001		0.073638		1450.949991
880.001043		97.790001		0.073976		1457.184832
889.992443		97.830002		0.073866		1463.270071
899.992358		97.830002		0.073791		1469.477999
899.998538		97.820000		0.073317		1475.709341
899.999219		97.830002		0.072564		1481.873862
899.999326		97.839996		0.072191		1488.082318
899.999502		97.860001		0.071914		1494.128155
899.999533		97.889999		0.071522		1500.141094
900.000059		97.870003		0.071272		1506.193965
909.992273		97.879997		0.071129		1512.338540
910.000309		97.889999		0.070826		1518.574379
919.992188		97.870003		0.070689		1524.714965
920.000060		97.900002		0.070731		1530.690989
920.000992		97.910004		0.070360		1536.824592
929.992103		97.900002		0.070297		1542.970164
929.998489		97.900002		0.070049		1549.134213
939.992019		97.870003		0.069948		1555.273801
940.000061		97.860001		0.069894		1561.393442
949.991934		97.900002		0.069812		1567.494133
949.999176		97.900002		0.069546		1573.586864
959.991849		97.919998		0.069410		1579.781830
959.998440		97.919998		0.069150		1585.914959
959.999281		97.889999		0.069033		1591.981267
960.000063		97.919998		0.068844		1598.124844
960.001035		97.940002		0.068361		1604.203594
960.001138		97.989998		0.067671		1610.307279
969.991764		97.980003		0.067616		1616.429910
979.991679		97.989998		0.067546		1622.482745
980.000064		97.989998		0.067514		1628.571469
980.000333		98.029999		0.067317		1634.792365
989.991594		98.040001		0.067266		1641.060607
989.998391		98.010002		0.067101		1647.159836
989.999486		98.000000		0.067128		1653.392214
999.991509		98.010002		0.067048		1659.421602
999.999132		98.029999		0.066562		1665.694853
999.999446		98.059998		0.065763		1671.791555
1000.000065		98.040001		0.065740		1677.931669
1000.001078		98.050003		0.065285		1684.001443
1009.991424		98.050003		0.065179		1690.050273
1019.991339		98.080002		0.065026		1696.087136
1019.998343		98.050003		0.064898		1702.224241
1019.999236		98.070000		0.064779		1708.250660
1020.000067		98.040001		0.064963		1714.427168
1029.991254		98.050003		0.064829		1720.622607
1039.991169		98.059998		0.064683		1726.650518
1040.000068		98.070000		0.064822		1732.740746
1040.001121		98.089996		0.064643		1738.852933
1040.001233		98.089996		0.064418		1744.979575
1049.991085		98.099998		0.064288		1751.890215
1049.998294		98.080002		0.064132		1758.222324
1049.999089		98.080002		0.063848		1765.192252
1050.000356		98.080002		0.063842		1771.885528
1059.991000		98.110001		0.063553		1778.563256
1060.000069		98.089996		0.063738		1787.207311
1069.990915		98.139999		0.063480		1794.519051
1079.990830		98.160004		0.063325		1802.400206
1079.998245		98.150002		0.063436		1809.492318
1079.999191		98.139999		0.062990		1816.541913
1079.999439		98.110001		0.062896		1823.837533
1080.000071		98.089996		0.062810		1831.122897
1080.001164		98.160004		0.062632		1840.258488
1089.990745		98.150002		0.062463		1847.503865
1099.990660		98.160004		0.062400		1854.561496
1099.999046		98.160004		0.062278		1861.723521
1099.999391		98.169998		0.062065		1868.599898
1100.000072		98.169998		0.061942		1875.444856
1109.990575		98.190002		0.061848		1882.217271
1109.998196		98.209999		0.061322		1889.031708
1119.990490		98.239998		0.061210		1896.095601
1120.000073		98.260002		0.061188		1903.098475
1120.000380		98.250000		0.061228		1910.133647
1120.001207		98.230003		0.060849		1917.353417
1120.001328		98.220001		0.060674		1924.637540
1129.990405		98.230003		0.060608		1931.593540
1139.990320		98.269997		0.060446		1938.536509
1139.998148		98.239998		0.060152		1945.533408
1139.999146		98.239998		0.059904		1952.384927
1140.000075		98.269997		0.059915		1959.432850
1149.990235		98.279999		0.059881		1966.601614
1149.999002		98.250000		0.059905		1973.542786
1159.990151		98.239998		0.059782		1980.620581
1160.000076		98.260002		0.059707		1987.724409
1160.001251		98.239998		0.059530		1994.781613
1169.990066		98.260002		0.059510		2002.067580
1169.998099		98.279999		0.059277		2009.160607
1169.999393		98.260002		0.059162		2016.671624
1179.989981		98.250000		0.059100		2024.357565
1180.000077		98.260002		0.059293		2031.434034
1189.989896		98.269997		0.059121		2038.680669
1190.000404		98.300003		0.058567		2046.672625
1199.989811		98.290001		0.058453		2053.695613
1199.998050		98.320000		0.058189		2060.569753
1199.998959		98.320000		0.057942		2069.076152
1199.999101		98.320000		0.057541		2076.437278
1199.999335		98.309998		0.057353		2083.249289
1200.000078		98.300003		0.057427		2090.696520
1200.001294		98.320000		0.057178		2098.164644
1200.001423		98.309998		0.057104		2106.277637
1209.989726		98.309998		0.056915		2113.577648
1219.989641		98.309998		0.056816		2120.309692
1220.000080		98.320000		0.056885		2127.040570
1229.989556		98.300003		0.056756		2133.813714
1229.998002		98.320000		0.056459		2142.578893
1239.989471		98.330002		0.056306		2149.472043
1240.000081		98.320000		0.056445		2157.006783
1240.001337		98.320000		0.056546		2164.306420
1249.989386		98.300003		0.056475		2171.228104
1249.998916		98.330002		0.056148		2178.199884
1259.989301		98.339996		0.055984		2185.192992
1259.997953		98.300003		0.056033		2192.234212
1259.999056		98.309998		0.055673		2199.078520
1259.999346		98.330002		0.055949		2206.466941
1260.000082		98.360001		0.055897		2214.440146
1260.000428		98.309998		0.055626		2222.402933
1269.989217		98.339996		0.055521		2229.930234
1279.989132		98.349998		0.055500		2237.395534
1280.000084		98.370003		0.055568		2244.953587
1280.001380		98.330002		0.055183		2252.427815
1280.001517		98.370003		0.054825		2260.184764
1289.989047		98.360001		0.054724		2267.854913
1289.997904		98.400002		0.054543		2276.028502
1299.988962		98.389999		0.054516		2284.320635
1299.998872		98.379997		0.054243		2292.708991
1299.999280		98.370003		0.054913		2300.804212
1300.000085		98.360001		0.055101		2308.772953
1309.988877		98.379997		0.054772		2316.030925
1319.988792		98.400002		0.054629		2323.487297
1319.997855		98.370003		0.054327		2330.945158
1319.999011		98.360001		0.054693		2338.234378
1320.000086		98.360001		0.054646		2345.825167
1320.001423		98.379997		0.054272		2353.513171
1329.988707		98.400002		0.053943		2361.333112
1330.000451		98.410004		0.053596		2369.443708
1339.988622		98.410004		0.053596		2377.696162
1340.000088		98.400002		0.053666		2385.618278
1349.988537		98.410004		0.053473		2392.917914
1349.997807		98.419998		0.053268		2400.291950
1349.998829		98.389999		0.053768		2407.974995
1349.999299		98.400002		0.053285		2415.537511
1359.988452		98.410004		0.053168		2423.378779
1360.000089		98.410004		0.053191		2431.669920
1360.001466		98.400002		0.052966		2440.181781
1360.001612		98.449997		0.052521		2448.244761
1369.988368		98.470001		0.052430		2455.786446
1379.988283		98.449997		0.052320		2463.443698
1379.997758		98.459999		0.052235		2471.285463
1379.998966		98.449997		0.051949		2479.370268
1380.000090		98.440002		0.052101		2487.470449
1389.988198		98.440002		0.052066		2495.278981
1399.988113		98.430000		0.052033		2503.135626
1399.998785		98.459999		0.051924		2510.865790
1399.999225		98.459999		0.051745		2518.755172
1400.000092		98.470001		0.051644		2526.997209
1400.000475		98.480003		0.051297		2535.148477
1400.001509		98.489998		0.051042		2543.375138
1409.988028		98.470001		0.051001		2551.523431
1409.997709		98.449997		0.050891		2559.388011
1419.987943		98.459999		0.050813		2566.819087
1420.000093		98.489998		0.050919		2574.328036
1429.987858		98.480003		0.050876		2581.808713
1439.987773		98.489998		0.050773		2589.389085
1439.997660		98.500000		0.050566		2597.263585
1439.998921		98.480003		0.050494		2605.763542
1439.999252		98.500000		0.050619		2614.021451
1440.000094		98.480003		0.050796		2622.297215
1440.001552		98.519997		0.050525		2630.750052
1440.001707		98.489998		0.050278		2639.013417
1449.987688		98.500000		0.050106		2646.662237
1449.998742		98.470001		0.049824		2654.139442
1459.987603		98.489998		0.049751		2661.459414
1460.000095		98.500000		0.049937		2669.169243
1469.987518		98.519997		0.049868		2676.910319
1469.997612		98.510002		0.049650		2684.645940
1470.000499		98.480003		0.049988		2692.799689
1479.987434		98.480003		0.049944		2701.018414
1480.000097		98.519997		0.049995		2709.299634
1480.001596		98.510002		0.049879		2717.423623
1489.987349		98.510002		0.049816		2725.590764
1499.987264		98.510002		0.049726		2733.159728
1499.997563		98.529999		0.049497		2740.727205
1499.998699		98.510002		0.049336		2748.015929
1499.998876		98.500000		0.048863		2755.855710
1499.999169		98.500000		0.048885		2763.488163
1500.000098		98.500000		0.048865		2771.279830
1509.987179		98.500000		0.048846		2779.114651
1519.987094		98.529999		0.048748		2786.980720
1520.000099		98.500000		0.048911		2795.291701
1520.001639		98.540001		0.048644		2803.510922
1520.001802		98.519997		0.048500		2811.712783
1529.987009		98.519997		0.048464		2819.874964
1529.997514		98.529999		0.048132		2827.528744
1529.999206		98.529999		0.048166		2835.190957
1539.986924		98.540001		0.048132		2842.975185
1540.000101		98.529999		0.048070		2850.666165
1540.000523		98.540001		0.048106		2858.401786
1549.986839		98.540001		0.047991		2865.983646
1549.998655		98.550003		0.047763		2873.350738
1559.986754		98.540001		0.047672		2881.622039
1559.997465		98.540001		0.047340		2889.840267
1559.998831		98.580002		0.047214		2898.244496
1560.000102		98.570000		0.047347		2906.666085
1560.001682		98.559998		0.047284		2914.425017
1569.986669		98.540001		0.047331		2922.051022
1579.986584		98.540001		0.047301		2930.493443
1580.000103		98.540001		0.047358		2940.033016
1589.986500		98.540001		0.047310		2947.612893
1589.997417		98.599998		0.047077		2955.392161
1599.986415		98.570000		0.046978		2963.602454
1599.998612		98.550003		0.046823		2971.813243
1599.999114		98.550003		0.047148		2979.668399
1600.000105		98.519997		0.047286		2987.688228
1600.001725		98.529999		0.047188		2995.765097
1600.001897		98.500000		0.046933		3003.492781
1609.986330		98.510002		0.046874		3010.881202
1610.000546		98.550003		0.046659		3018.387174
1619.986245		98.550003		0.046544		3025.771130
1619.997368		98.529999		0.046587		3033.591071
1619.998786		98.550003		0.046761		3041.581140
1619.999159		98.510002		0.046567		3049.474488
1620.000106		98.500000		0.046608		3056.957148
1629.986160		98.500000		0.046484		3064.664498
1639.986075		98.510002		0.046393		3073.033014
1640.000107		98.510002		0.046412		3081.120298
1640.001768		98.500000		0.046073		3088.377279
1649.985990		98.489998		0.045960		3096.906447
1649.997319		98.510002		0.045866		3104.428442
1649.998569		98.550003		0.045473		3112.081422
1659.985905		98.540001		0.045443		3119.523445
1660.000109		98.550003		0.045500		3127.120490
1669.985820		98.550003		0.045503		3134.952434
1679.985735		98.529999		0.045510		3142.012353
1679.997270		98.519997		0.045449		3149.213551
1679.998741		98.529999		0.045691		3156.936429
1680.000110		98.529999		0.045946		3164.096910
1680.000570		98.540001		0.045754		3171.128553
1680.001811		98.529999		0.045623		3178.281474
1680.001992		98.540001		0.045905		3185.452997
1689.985650		98.550003		0.045727		3192.590499
1699.985566		98.559998		0.045625		3199.547498
1699.998525		98.500000		0.045519		3206.491335
1699.999059		98.510002		0.045117		3212.255544
1700.000111		98.519997		0.045275		3217.740711
1709.985481		98.540001		0.045184		3223.230122
1709.997222		98.519997		0.045039		3230.973215
1709.999112		98.559998		0.044745		3236.715410
1719.985396		98.559998		0.044595		3242.218037
1720.000112		98.559998		0.044825		3247.681977
1720.001854		98.570000		0.044801		3253.044236
1729.985311		98.580002		0.044640		3258.423856
1739.985226		98.599998		0.044602		3263.821331
1739.997173		98.589996		0.044507		3269.185574
1739.998696		98.580002		0.044289		3274.556761
1740.000114		98.580002		0.044287		3279.945804
1749.985141		98.570000		0.044218		3285.351712
1749.998482		98.589996		0.044049		3290.754147
1750.000594		98.629997		0.043745		3296.325719
1759.985056		98.620003		0.043690		3301.926058
1760.000115		98.599998		0.043780		3307.456460
1760.001897		98.599998		0.043726		3312.999264
1760.002087		98.599998		0.043756		3318.570339
1769.984971		98.610001		0.043659		3324.147367
1769.997124		98.599998		0.043388		3329.759114
1779.984886		98.610001		0.043415		3335.758733
1780.000116		98.570000		0.043612		3341.769761
1789.984801		98.589996		0.043583		3347.858165
1799.984716		98.589996		0.043488		3353.982281
1799.997075		98.610001		0.043285		3360.252716
1799.998438		98.620003		0.043336		3366.300448
1799.998651		98.629997		0.043382		3372.029747
1799.999003		98.669998		0.043153		3377.518982
1799.999066		98.660004		0.043247		3383.086089
1800.000118		98.639999		0.043327		3388.661628
1800.001941		98.639999		0.043247		3394.348767
1809.984632		98.660004		0.043129		3400.049795
1819.984547		98.669998		0.043039		3405.735942
1820.000119		98.639999		0.043109		3411.506410
1820.000618		98.629997		0.043495		3417.282829
1829.984462		98.639999		0.043322		3423.101409
1829.997027		98.610001		0.043342		3429.244372
1839.984377		98.599998		0.043246		3435.436440
1840.000120		98.629997		0.043349		3441.654796
1840.001984		98.639999		0.043015		3447.866207
1840.002181		98.620003		0.042927		3454.142098
1849.984292		98.620003		0.042830		3460.217109
1849.998395		98.610001		0.042880		3466.260873
1859.984207		98.620003		0.042753		3471.978269
1859.996978		98.599998		0.042723		3477.660447
1859.998606		98.650002		0.042609		3483.364451
1860.000122		98.660004		0.042806		3489.139878
1869.984122		98.639999		0.042703		3494.962922
1879.984037		98.629997		0.042662		3500.685773
1880.000123		98.620003		0.042725		3506.308432
1880.002027		98.639999		0.042612		3512.143876
1889.983952		98.639999		0.042640		3518.222856
1889.996929		98.650002		0.042486		3524.282492
1889.999019		98.620003		0.042630		3530.400159
1890.000642		98.639999		0.042797		3536.501459
1899.983867		98.629997		0.042601		3542.605189
1899.998352		98.650002		0.042328		3548.216935
1899.998948		98.629997		0.042167		3553.923915
1900.000124		98.629997		0.042372		3559.745967
1909.983782		98.639999		0.042292		3565.417729
1919.983698		98.639999		0.042111		3571.196134
1919.996880		98.629997		0.041897		3576.880794
1919.998561		98.650002		0.042020		3582.777246
1920.000126		98.629997		0.042093		3588.559618
1920.002070		98.639999		0.041880		3594.322149
1920.002276		98.650002		0.041684		3600.476025
1929.983613		98.660004		0.041447		3606.740013
1939.983528		98.639999		0.041297		3612.986145
1940.000127		98.639999		0.041411		3619.147956
1949.983443		98.629997		0.041321		3624.885687
1949.996832		98.620003		0.041134		3630.598619
1949.998308		98.639999		0.041089		3636.371567
1959.983358		98.650002		0.041001		3642.091938
1960.000128		98.650002		0.041091		3647.948709
1960.000665		98.660004		0.040647		3653.704298
1960.002113		98.669998		0.040545		3659.432109
1969.983273		98.660004		0.040497		3665.150001
1979.983188		98.660004		0.040453		3670.853509
1979.996783		98.650002		0.040440		3676.890824
1979.998516		98.660004		0.040468		3683.000060
1979.998972		98.639999		0.040587		3689.146991
1980.000129		98.639999		0.040638		3695.248291
1989.983103		98.639999		0.040627		3701.026198
1999.983018		98.639999		0.040573		3706.623562
1999.998265		98.629997		0.040557		3712.261101
1999.998892		98.660004		0.041010		3717.960640
2000.000131		98.650002		0.041096		3723.621989
2000.002156		98.610001		0.040916		3729.289287
2000.002371		98.650002		0.040729		3734.995770
2009.982933		98.650002		0.040638		3740.699278
2009.996734		98.669998		0.040373		3746.398817
2019.982848		98.650002		0.040327		3752.054710
2020.000132		98.650002		0.040394		3758.234872
2029.982764		98.639999		0.040292		3764.400156
2030.000689		98.660004		0.040477		3770.525264
2039.982679		98.669998		0.040409		3776.712867
2039.996685		98.660004		0.040361		3782.828055
2039.998471		98.690002		0.040541		3788.987882
2040.000133		98.680000		0.040614		3794.686430
2040.002199		98.660004		0.040215		3800.332402
2049.982594		98.639999		0.040176		3806.110799
2049.998222		98.690002		0.039932		3811.725522
2059.982509		98.690002		0.039805		3817.381413
2060.000135		98.680000		0.039863		3823.127577
2069.982424		98.680000		0.039746		3828.838028
2069.996637		98.669998		0.039635		3834.575263
2069.998925		98.690002		0.039474		3840.359123
2079.982339		98.690002		0.039423		3846.599302
2080.000136		98.669998		0.039546		3852.978362
2080.002242		98.690002		0.039421		3858.746845
2080.002466		98.690002		0.039358		3864.908652
2089.982254		98.680000		0.039335		3871.041199
2099.982169		98.690002		0.039336		3877.204003
2099.996588		98.669998		0.039199		3883.429302
2099.998178		98.709999		0.039289		3889.626826
2099.998426		98.720001		0.039418		3895.810957
2099.998837		98.709999		0.039139		3902.006497
2100.000137		98.709999		0.039250		3907.632133
2100.000713		98.669998		0.039209		3913.290008
2109.982084		98.699997		0.039114		3918.992028
2119.981999		98.709999		0.039032		3924.760510
2120.000139		98.699997		0.039211		3930.468482
2120.002286		98.720001		0.039152		3936.290038
2129.981914		98.709999		0.039083		3942.005448
2129.996539		98.690002		0.039034		3947.680188
2139.981830		98.690002		0.038974		3953.558784
2140.000140		98.699997		0.038959		3959.275187
2149.981745		98.709999		0.038849		3965.130966
2149.998135		98.709999		0.038821		3971.336426
2159.981660		98.699997		0.038719		3977.413918
2159.996490		98.739998		0.038617		3983.425442
2159.998381		98.779999		0.038372		3989.480118
2159.998879		98.739998		0.038513		3995.669705
2160.000141		98.699997		0.038646		4001.548796
2160.002329		98.709999		0.038743		4007.096560
2160.002561		98.709999		0.038690		4012.669619
2169.981575		98.709999		0.038668		4018.292774
2170.000737		98.709999		0.039052		4023.949658
2179.981490		98.720001		0.038883		4029.590668
2180.000143		98.699997		0.038973		4035.238128
2189.981405		98.699997		0.038861		4040.853348
2189.996442		98.699997		0.038845		4046.487415
2199.981320		98.709999		0.038773		4052.413131
2199.998091		98.730003		0.038620		4058.406797
2199.998782		98.750000		0.039025		4064.458001
2200.000144		98.739998		0.039036		4070.527061
2200.002372		98.739998		0.038598		4076.673000
2209.981235		98.720001		0.038450		4082.369564
2219.981150		98.709999		0.038350		4088.027439
2219.996393		98.750000		0.038211		4093.600002
2219.998336		98.739998		0.038270		4099.095189
2220.000145		98.739998		0.038389		4104.669240
2229.981065		98.739998		0.038280		4110.198155
2239.980980		98.739998		0.038150		4115.764768
2240.000146		98.730003		0.038349		4121.345266
2240.000760		98.730003		0.038259		4126.949078
2240.002415		98.720001		0.038115		4132.646137
2240.002656		98.750000		0.038057		4138.339229
2249.980896		98.760002		0.037918		4144.147392
2249.996344		98.750000		0.037851		4150.186196
2249.998048		98.750000		0.037827		4156.444727
2249.998832		98.779999		0.037685		4162.525195
2259.980811		98.779999		0.037606		4168.723710
2260.000148		98.760002		0.037824		4174.845842
2269.980726		98.750000		0.037713		4180.847942
2279.980641		98.750000		0.037639		4186.839129
2279.996295		98.769997		0.037599		4192.810478
2279.998292		98.750000		0.037885		4198.617648
2280.000149		98.750000		0.037921		4204.136147
2280.002458		98.750000		0.037663		4209.637287
2289.980556		98.750000		0.037611		4215.294666
2299.980471		98.750000		0.037543		4221.017517
2299.998005		98.739998		0.037584		4226.778064
2299.998726		98.760002		0.037303		4232.489508
2300.000150		98.739998		0.037321		4238.205911
2309.980386		98.739998		0.037254		4243.877675
2309.996247		98.750000		0.037253		4249.762222
2310.000784		98.739998		0.037408		4255.855090
2319.980301		98.739998		0.037301		4261.880997
2320.000152		98.739998		0.037365		4268.019993
2320.002501		98.720001		0.037266		4274.167917
2320.002750		98.750000		0.037253		4280.500352
2329.980216		98.779999		0.037067		4286.488068
2339.980131		98.779999		0.036986		4292.068071
2339.996198		98.760002		0.036938		4297.715037
2339.998247		98.779999		0.037006		4303.377870
2339.998785		98.750000		0.036868		4308.954897
2340.000153		98.760002		0.036903		4314.537381
2349.980046		98.769997		0.036799		4320.192776
2349.997961		98.800003		0.036746		4325.901244
2359.979962		98.779999		0.036714		4331.948976
2360.000154		98.760002		0.036817		4338.169315
2360.002544		98.769997		0.036712		4344.264167
2369.979877		98.739998		0.036682		4350.461194
2369.996149		98.750000		0.036619		4357.369727
2379.979792		98.769997		0.036599		4363.199553
2380.000156		98.760002		0.036816		4368.682793
2380.000808		98.760002		0.037247		4374.114672
2389.979707		98.760002		0.037103		4379.734053
2399.979622		98.750000		0.036997		4385.273872
2399.996101		98.750000		0.036964		4390.341431
2399.997918		98.760002		0.036810		4395.384104
2399.998202		98.800003		0.036722		4400.571698
2399.998671		98.739998		0.036591		4405.475929
2400.000157		98.750000		0.036576		4410.440563
2400.002587		98.779999		0.036335		4415.439476
2400.002845		98.779999		0.036022		4420.349686
2409.979537		98.779999		0.035954		4425.303030
2419.979452		98.769997		0.035886		4430.370881
2420.000158		98.750000		0.036086		4435.719970
2429.979367		98.739998		0.035985		4440.797162
2429.996052		98.760002		0.036053		4445.951104
2429.998739		98.779999		0.035892		4451.014836
2439.979282		98.769997		0.035850		4456.068046
2440.000160		98.769997		0.036097		4461.183390
2440.002630		98.790001		0.035856		4466.235392
2449.979197		98.779999		0.035851		4471.264912
2449.997874		98.820000		0.035477		4476.386299
2450.000832		98.809998		0.035611		4481.481926
2459.979112		98.809998		0.035677		4486.488561
2459.996003		98.800003		0.035622		4491.543095
2459.998157		98.769997		0.035912		4496.580576
2460.000161		98.760002		0.035947		4501.656765
2469.979028		98.760002		0.035916		4506.684407
2479.978943		98.769997		0.035826		4511.714947
2480.000162		98.779999		0.035909		4516.695646
2480.002674		98.800003		0.035754		4521.735173
2480.002940		98.839996		0.035311		4526.782674
2489.978858		98.830002		0.035238		4531.848556
2489.995954		98.809998		0.035351		4536.846182
2499.978773		98.820000		0.035298		4541.848330
2499.997831		98.830002		0.035312		4546.962682
2499.998615		98.809998		0.035525		4552.000662
2500.000163		98.820000		0.035548		4557.077219
2509.978688		98.809998		0.035459		4562.127752
2519.978603		98.800003		0.035348		4567.159996
2519.995906		98.800003		0.035338		4572.254444
2519.998112		98.790001		0.035319		4577.308582
2519.998692		98.809998		0.035616		4582.433391
2520.000165		98.800003		0.035887		4587.467897
2520.000855		98.820000		0.035610		4592.501442
2520.002717		98.820000		0.035433		4597.568907
2529.978518		98.830002		0.035435		4602.673630
2539.978433		98.820000		0.035298		4607.756943
2540.000166		98.820000		0.035329		4612.837365
2549.978348		98.830002		0.035192		4617.890857
2549.995857		98.830002		0.035088		4622.931384
2549.997788		98.830002		0.035057		4628.027253
2559.978263		98.820000		0.034995		4633.040916
2560.000167		98.800003		0.035036		4638.150156
2560.002760		98.820000		0.034920		4643.190720
2560.003035		98.879997		0.034820		4648.182370
2569.978178		98.879997		0.034730		4653.229321
2579.978094		98.849998		0.034642		4658.378655
2579.995808		98.860001		0.034388		4663.502316
2579.998067		98.860001		0.034352		4668.720369
2580.000169		98.849998		0.034479		4673.966809
2589.978009		98.849998		0.034449		4679.008738
2590.000879		98.839996		0.034600		4684.021368
2599.977924		98.830002		0.034524		4688.946090
2599.997744		98.849998		0.034533		4693.952102
2599.998560		98.860001		0.034653		4698.931512
2600.000170		98.820000		0.034685		4703.874961
2600.002803		98.809998		0.034702		4708.802851
2609.977839		98.809998		0.034623		4713.982368
2609.995759		98.820000		0.034611		4719.087529
2609.998645		98.849998		0.034374		4724.153883
2619.977754		98.849998		0.034287		4729.431332
2620.000171		98.849998		0.034490		4736.510489
2629.977669		98.849998		0.034361		4743.070478
2639.977584		98.860001		0.034267		4749.278406
2639.995711		98.839996		0.034238		4755.588597
2639.998022		98.830002		0.034117		4761.711230
2640.000173		98.830002		0.034223		4767.696248
2640.002846		98.839996		0.034093		4773.826795
2640.003130		98.790001		0.034202		4780.335412
2649.977499		98.800003		0.034132		4787.161459
2649.997701		98.809998		0.034125		4793.716902
2659.977414		98.820000		0.034074		4799.915089
2660.000174		98.809998		0.034155		4806.291223
2660.000903		98.790001		0.034224		4812.687793
2669.977329		98.820000		0.034139		4819.095911
2669.995662		98.820000		0.034123		4825.343626
2679.977244		98.839996		0.034015		4831.623130
2680.000175		98.820000		0.034090		4837.854964
2680.002889		98.809998		0.033982		4844.266258
2689.977160		98.820000		0.033975		4850.644929
2699.977075		98.820000		0.033922		4857.262952
2699.995613		98.849998		0.033884		4863.696796
2699.997658		98.849998		0.033992		4870.048047
2699.997977		98.830002		0.034134		4876.620061
2699.998505		98.849998		0.033873		4883.105076
2699.998598		98.879997		0.033816		4889.447636
2700.000177		98.860001		0.034053		4895.863799
2709.976990		98.870003		0.033924		4902.196200
2719.976905		98.870003		0.033888		4908.454471
2720.000178		98.860001		0.034209		4914.816464
2720.002932		98.860001		0.034154		4921.107681
2720.003225		98.879997		0.033815		4927.396794
2729.976820		98.860001		0.033715		4933.695412
2729.995564		98.849998		0.033688		4940.010067
2730.000927		98.889999		0.033659		4946.356772
2739.976735		98.879997		0.033571		4952.652415
2740.000179		98.860001		0.033664		4959.062425
2749.976650		98.860001		0.033553		4965.482704
2749.997614		98.879997		0.033736		4971.877557
2759.976565		98.870003		0.033631		4978.351957
2759.995516		98.849998		0.033566		4984.744712
2759.997932		98.820000		0.033549		4991.124529
2760.000180		98.820000		0.033587		4997.559813
2760.002975		98.839996		0.033499		5004.001456
2769.976480		98.839996		0.033413		5010.440153
2779.976395		98.830002		0.033354		5016.787223
2780.000182		98.790001		0.033617		5023.189773
2789.976310		98.790001		0.033521		5029.570193
2789.995467		98.830002		0.033400		5035.996671
2789.998552		98.849998		0.033425		5042.188719
2799.976226		98.860001		0.033386		5048.664413
2799.997571		98.889999		0.033381		5055.074842
2799.998449		98.879997		0.033366		5061.430588
2800.000183		98.870003		0.033333		5067.793076
2800.000950		98.849998		0.033266		5074.327664
2800.003019		98.849998		0.033078		5080.732841
2800.003319		98.830002		0.032794		5087.180391
2809.976141		98.830002		0.032753		5093.623736
2819.976056		98.849998		0.032681		5100.035921
2819.995418		98.870003		0.032702		5106.461656
2819.997887		98.849998		0.032917		5112.865713
2820.000184		98.830002		0.032977		5119.323012
2829.975971		98.820000		0.032917		5125.911296
2839.975886		98.830002		0.032906		5132.364663
2840.000186		98.809998		0.033006		5138.912767
2840.003062		98.820000		0.032937		5145.229717
2849.975801		98.809998		0.032943		5151.714880
2849.995369		98.839996		0.032794		5158.231684
2849.997527		98.860001		0.032698		5164.744400
2859.975716		98.860001		0.032716		5171.291206
2860.000187		98.860001		0.032812		5177.689831
2869.975631		98.870003		0.032744		5184.475298
2870.000974		98.870003		0.032869		5191.065611
2879.975546		98.870003		0.032782		5197.487780
2879.995321		98.870003		0.032815		5204.057621
2879.997842		98.900002		0.032834		5210.696461
2879.998505		98.889999		0.033221		5217.050387
2880.000188		98.889999		0.033503		5223.472189
2880.003105		98.910004		0.033344		5229.994371
2880.003414		98.889999		0.033081		5236.582676
2889.975461		98.900002		0.032933		5243.074678
2899.975376		98.900002		0.032804		5249.392996
2899.997484		98.860001		0.032587		5255.944630
2899.998394		98.900002		0.032604		5262.493006
2900.000190		98.879997		0.032751		5268.859993
2909.975292		98.860001		0.032699		5275.352940
2909.995272		98.870003		0.032500		5281.723644
2919.975207		98.860001		0.032427		5288.087945
2920.000191		98.849998		0.032564		5294.651727
2920.003148		98.839996		0.032457		5300.994768
2929.975122		98.839996		0.032390		5307.377705
2939.975037		98.830002		0.032358		5313.718754
2939.995223		98.860001		0.032453		5319.904278
2939.997797		98.870003		0.032557		5326.148104
2940.000192		98.839996		0.032663		5332.491168
2940.000998		98.860001		0.032567		5338.735980
2949.974952		98.860001		0.032488		5345.045114
2949.997441		98.860001		0.032415		5351.224596
2959.974867		98.870003		0.032353		5357.549245
2960.000194		98.879997		0.032481		5363.841959
2960.003191		98.860001		0.032415		5370.097282
2960.003509		98.860001		0.032351		5376.406923
2969.974782		98.879997		0.032237		5382.627295
2969.995174		98.889999		0.032072		5388.710034
2969.998458		98.900002		0.032329		5395.205335
2979.974697		98.879997		0.032245		5401.580807
2980.000195		98.860001		0.032391		5408.045853
2989.974612		98.849998		0.032299		5414.312865
2999.974527		98.860001		0.032202		5420.542440
2999.995126		98.889999		0.032131		5426.887973
2999.997397		98.910004		0.032005		5433.236574
2999.997752		98.930000		0.032117		5439.741479
2999.998339		98.989998		0.032151		5446.141658
3000.000196		98.970001		0.032346		5452.532529
3000.003234		98.949997		0.032487		5458.963589
3009.974442		98.940002		0.032358		5465.340193
3010.001022		98.949997		0.032299		5471.820432
3019.974358		98.940002		0.032226		5478.218558
3020.000197		98.940002		0.032365		5484.717143
3029.974273		98.919998		0.032231		5490.995874
3029.995077		98.900002		0.032142		5497.468602
3039.974188		98.900002		0.032028		5503.951193
3040.000199		98.900002		0.032095		5510.374305
3040.003277		98.889999		0.032030		5516.816780
3040.003604		98.889999		0.031645		5523.151902
3049.974103		98.889999		0.031590		5529.842010
3049.997354		98.870003		0.031507		5536.832061
3059.974018		98.879997		0.031472		5543.824944
3059.995028		98.900002		0.031370		5550.702089
3059.997707		98.889999		0.031471		5557.036348
3059.998412		98.919998		0.031071		5563.575094
3060.000200		98.910004		0.031176		5570.115152
3069.973933		98.900002		0.031173		5576.297668
3079.973848		98.910004		0.031169		5582.512635
3080.000201		98.900002		0.031277		5588.755980
3080.001045		98.919998		0.031375		5594.980340
3080.003320		98.919998		0.031219		5601.308948
3089.973763		98.910004		0.031164		5607.718813
3089.994979		98.919998		0.031085		5613.884840
3099.973678		98.919998		0.031047		5620.261275
3099.997311		98.930000		0.030982		5626.443763
3099.998283		98.879997		0.031145		5632.930948
3100.000203		98.870003		0.031359		5639.081507
3109.973593		98.879997		0.031291		5645.328864
3119.973508		98.889999		0.031294		5651.697839
3119.994931		98.900002		0.031243		5658.032016
3119.997662		98.919998		0.031624		5664.246443
3120.000204		98.919998		0.031618		5670.570597
3120.003364		98.919998		0.031531		5676.854834
3120.003699		98.930000		0.031155		5683.059795
3129.973424		98.930000		0.031125		5689.342999
3139.973339		98.930000		0.031098		5695.607271
3140.000205		98.930000		0.031219		5701.804704
3149.973254		98.930000		0.031130		5708.011113
3149.994882		98.940002		0.031047		5714.214057
3149.997267		98.930000		0.030891		5720.407501
3149.998365		98.919998		0.031316		5726.520160
3150.001069		98.940002		0.031087		5732.633864
3159.973169		98.949997		0.031015		5738.766470
3160.000207		98.940002		0.030980		5744.955924
3160.003407		98.949997		0.030976		5751.129421
3169.973084		98.949997		0.030895		5757.371734
3179.972999		98.940002		0.030831		5763.409594
3179.994833		98.940002		0.030837		5769.605570
3179.997617		98.919998		0.030997		5775.816474
3180.000208		98.930000		0.031109		5782.023880
3189.972914		98.919998		0.031041		5788.236274
3199.972829		98.900002		0.031008		5794.322007
3199.997224		98.910004		0.031040		5800.550863
3199.998228		98.940002		0.031120		5806.737842
3200.000209		98.930000		0.031197		5813.118799
3200.003450		98.949997		0.031030		5819.327203
3200.003794		98.930000		0.030745		5825.415926
3209.972744		98.919998		0.030738		5831.514624
3209.994784		98.910004		0.030673		5837.788361
3219.972659		98.930000		0.030622		5844.003745
3220.000211		98.910004		0.030601		5850.185739
3220.001093		98.919998		0.030788		5856.309370
3229.972574		98.930000		0.030739		5862.414050
3239.972490		98.940002		0.030724		5868.574582
3239.994736		98.940002		0.030792		5874.798958
3239.997572		98.910004		0.031160		5880.948063
3239.998318		98.889999		0.031347		5887.126546
3240.000212		98.919998		0.031238		5893.160260
3240.003493		98.930000		0.031106		5899.277415
3249.972405		98.919998		0.031028		5905.372123
3249.997180		98.949997		0.030717		5911.564107
3259.972320		98.940002		0.030725		5917.760126
3260.000213		98.940002		0.030780		5923.871788
3269.972235		98.940002		0.030716		5929.996416
3269.994687		98.970001		0.030572		5936.251694
3279.972150		98.970001		0.030493		5942.401256
3280.000214		98.940002		0.030658		5948.604689
3280.003536		98.940002		0.030557		5954.723333
3280.003888		98.940002		0.030513		5960.817044
3289.972065		98.930000		0.030467		5966.941529
3290.001117		98.919998		0.030590		5973.125997
3299.971980		98.930000		0.030540		5979.290026
3299.994638		98.930000		0.030477		5985.477486
3299.997137		98.940002		0.030507		5991.554242
3299.997527		98.940002		0.030402		5997.819034
3299.998172		98.970001		0.030394		6004.027436
3300.000216		98.940002		0.030461		6010.194458
3309.971895		98.959999		0.030401		6016.441771
3319.971810		98.959999		0.030325		6022.538473
3320.000217		98.949997		0.030477		6028.379366
3320.003579		98.959999		0.030447		6034.358383
3329.971725		98.959999		0.030366		6040.407213
3329.994589		98.940002		0.030472		6046.495937
3329.998271		98.940002		0.030674		6052.609122
3339.971640		98.949997		0.030573		6058.650970
3340.000218		98.940002		0.030573		6064.806515
3349.971556		98.940002		0.030492		6070.936130
3349.997094		98.959999		0.030590		6077.184442
3359.971471		98.959999		0.030466		6083.342978
3359.994541		98.959999		0.030377		6089.294070
3359.997482		98.940002		0.030554		6095.358858
3360.000220		98.940002		0.030665		6101.436611
3360.001141		98.930000		0.030444		6107.489432
3360.003622		98.930000		0.030245		6113.631013
3360.003983		98.930000		0.030177		6119.756639
3369.971386		98.919998		0.030101		6125.639913
3379.971301		98.919998		0.029998		6131.829367
3380.000221		98.919998		0.030069		6137.932053
3389.971216		98.940002		0.030009		6143.953018
3389.994492		98.910004		0.029924		6150.142472
3399.971131		98.919998		0.029890		6156.377364
3399.997050		98.930000		0.029971		6162.497069
3399.998117		98.910004		0.030353		6168.673576
3400.000222		98.930000		0.030355		6174.840597
3400.003665		98.930000		0.030134		6180.925331
3409.971046		98.930000		0.030091		6187.119771
3419.970961		98.940002		0.029980		6193.203509
3419.994443		98.930000		0.029986		6199.367033
3419.997437		98.940002		0.030167		6205.550503
3419.998225		98.949997		0.030164		6211.609307
3420.000224		98.919998		0.030186		6217.724515
3429.970876		98.940002		0.030118		6223.738453
3430.001164		99.000000		0.030039		6229.841140
3439.970791		98.959999		0.029943		6235.982722
3440.000225		98.959999		0.029995		6242.102924
3440.003709		98.949997		0.029866		6248.212592
3440.004078		98.970001		0.029585		6254.332272
3449.970706		98.989998		0.029534		6260.419998
3449.994394		98.970001		0.029526		6266.668811
3449.997007		98.959999		0.029495		6272.858265
3459.970622		98.970001		0.029460		6279.008409
3460.000226		98.949997		0.029478		6285.157084
3469.970537		98.949997		0.029429		6291.161035
3479.970452		98.959999		0.029401		6297.397378
3479.994346		98.959999		0.029357		6303.517020
3479.997392		98.940002		0.029522		6309.592777
3480.000227		98.940002		0.029592		6315.763283
3480.003752		98.930000		0.029725		6321.798654
3489.970367		98.940002		0.029647		6328.060451
3499.970282		98.940002		0.029569		6334.079378
3499.996964		98.959999		0.029505		6340.248345
3499.998062		98.980003		0.029282		6346.356536
3500.000229		98.970001		0.029320		6352.396390
3500.001188		98.949997		0.029355		6358.431258
3509.970197		98.959999		0.029306		6364.648638
3509.994297		98.970001		0.029278		6370.789730
3509.998178		98.980003		0.029237		6376.992668
3519.970112		98.970001		0.029159		6383.230991
3520.000230		98.959999		0.029172		6389.278332
3520.003795		98.959999		0.029202		6395.615392
3520.004173		98.959999		0.029099		6401.847732
3529.970027		98.970001		0.029061		6408.068611
3539.969942		98.959999		0.029049		6414.136391
3539.994248		98.959999		0.029076		6420.082495
3539.997347		98.940002		0.029212		6426.089437
3540.000231		98.940002		0.029382		6432.140262
3549.969857		98.949997		0.029390		6438.300794
3549.996920		98.940002		0.029719		6444.398493
3559.969772		98.930000		0.029597		6450.453814
3560.000233		98.949997		0.029779		6456.504160
3560.003838		98.949997		0.029763		6462.707577
3569.969688		98.940002		0.029712		6468.806274
3569.994200		98.949997		0.029685		6474.934885
3570.001212		98.940002		0.029623		6481.162238
3579.969603		98.940002		0.029542		6487.156721
3580.000234		98.930000		0.029613		6493.293355
3589.969518		98.940002		0.029502		6499.324737
3599.969433		98.949997		0.029473		6505.418447
3599.994151		98.949997		0.029476		6511.478248
3599.996877		98.949997		0.029426		6517.709607
3599.997302		98.980003		0.029457		6523.881616
3599.998006		98.970001		0.029451		6530.072067
3599.998131		99.010002		0.029451		6536.579682
3600.000235		98.980003		0.029600		6542.786600
3600.003881		98.970001		0.029324		6549.132146
3600.004268		98.970001		0.029115		6555.156056
3609.969348		98.940002		0.029028		6561.435270
3619.969263		98.930000		0.028982		6567.666133
3620.000237		98.930000		0.029084		6573.888500
3629.969178		98.949997		0.029053		6580.153752
3629.994102		98.959999		0.028979		6586.399593
3639.969093		98.970001		0.028939		6592.771559
3640.000238		98.949997		0.029204		6598.982478
3640.001236		98.940002		0.029283		6605.206840
3640.003924		98.959999		0.029147		6611.487052
3649.969008		98.940002		0.029067		6617.678501
3649.996833		98.980003		0.028887		6623.838036
3659.968923		99.000000		0.028828		6630.128220
3659.994053		99.000000		0.028759		6636.305217
3659.997257		98.940002		0.028922		6642.309168
3660.000239		98.949997		0.028963		6648.393939
3669.968838		98.959999		0.028908		6654.460772
3679.968754		98.980003		0.028854		6660.680146
3680.000241		98.970001		0.028972		6666.874622
3680.003967		98.940002		0.028994		6673.092001
3680.004363		98.940002		0.029124		6679.357268
3689.968669		98.949997		0.029004		6685.527773
3689.994005		98.959999		0.029020		6691.798011
3689.998084		98.980003		0.028860		6698.072255
3699.968584		98.980003		0.028834		6704.293624
3699.996790		98.970001		0.028848		6710.453159
3699.997951		98.989998		0.029001		6716.571837
3700.000242		98.989998		0.029012		6722.766278
3709.968499		98.989998		0.028989		6728.895892
3710.001259		98.970001		0.028796		6735.083366
3719.968414		98.970001		0.028776		6741.240905
3719.993956		98.980003		0.028737		6747.419403
3719.997213		98.959999		0.028906		6753.392942
3720.000243		98.959999		0.029048		6759.588380
3720.004010		98.959999		0.029077		6765.731959
3729.968329		98.970001		0.028962		6771.840628
3739.968244		98.989998		0.028927		6777.999709
3740.000244		98.970001		0.029046		6784.088432
3749.968159		98.970001		0.028920		6790.307823
3749.993907		98.949997		0.028929		6796.396578
3749.996747		98.949997		0.028743		6802.509237
3759.968074		98.949997		0.028695		6808.687728
3760.000246		98.959999		0.028845		6814.702685
3760.004054		98.959999		0.028863		6820.806369
3760.004458		99.010002		0.028840		6826.959950
3769.967989		99.019997		0.028710		6833.076106
3779.967904		99.040001		0.028624		6839.154935
3779.993858		99.019997		0.028672		6845.256624
3779.997168		99.000000		0.028886		6851.296509
3779.998038		98.970001		0.028852		6857.497933
3780.000247		98.980003		0.029041		6863.650501
3780.001283		98.970001		0.029054		6869.762163
3789.967820		98.989998		0.028914		6875.887788
3799.967735		98.989998		0.028816		6881.935148
3799.996703		98.980003		0.028779		6888.008912
3799.997895		98.970001		0.029059		6894.019351
3800.000248		98.970001		0.029151		6900.077157
3800.004097		98.959999		0.028966		6906.154911
3809.967650		98.949997		0.028828		6912.274128
3809.993810		98.959999		0.028763		6918.327945
3819.967565		98.970001		0.028650		6924.479028
3820.000250		98.970001		0.028833		6930.598669
3829.967480		98.959999		0.028706		6936.703349
3839.967395		98.970001		0.028634		6942.757167
3839.993761		98.980003		0.028617		6948.720226
3839.997123		98.970001		0.028781		6954.764070
3840.000251		98.980003		0.028842		6960.864762
3840.004140		98.989998		0.028609		6966.922567
3840.004552		98.959999		0.028385		6973.115518
3849.967310		98.959999		0.028379		6979.241143
3849.996660		98.949997		0.028407		6985.286981
3850.001307		98.949997		0.028666		6991.388670
3859.967225		98.959999		0.028538		6997.514824
3860.000252		98.980003		0.028722		7003.633997
3869.967140		98.970001		0.028587		7009.751642
3869.993712		98.989998		0.028500		7015.706230
3869.997991		98.959999		0.028429		7021.866762
3879.967055		98.959999		0.028349		7027.977427
3880.000254		98.970001		0.028406		7034.119009
3880.004183		98.970001		0.028403		7040.225685
3889.966970		98.959999		0.028364		7046.239608
3899.966886		98.970001		0.028328		7052.342295
3899.993663		98.949997		0.028346		7058.555194
3899.996617		98.980003		0.028306		7064.626963
3899.997078		98.970001		0.028345		7070.761564
3899.997840		98.989998		0.028211		7076.829344
3900.000255		98.989998		0.028310		7082.940008
3909.966801		98.989998		0.028215		7089.020261
3919.966716		98.989998		0.028158		7095.094490
3920.000256		98.980003		0.028362		7101.150303
3920.001331		98.959999		0.028471		7107.277921
3920.004226		98.980003		0.028392		7113.328762
3920.004647		98.970001		0.028157		7118.321776
3929.966631		98.980003		0.028088		7123.145396
3929.993615		98.989998		0.028155		7127.932454
3939.966546		98.980003		0.028091		7132.727057
3940.000258		99.000000		0.028182		7137.552386
3949.966461		98.980003		0.028134		7142.395440
3949.996573		99.000000		0.028142		7147.251460
3959.966376		99.000000		0.028118		7152.072591
3959.993566		99.019997		0.028159		7156.898719
3959.997033		99.010002		0.028328		7161.707880
3959.997944		98.989998		0.028245		7166.465181
3960.000259		98.980003		0.028319		7171.288304
3960.004269		99.000000		0.028239		7176.056572
3969.966291		99.010002		0.028183		7180.890465
3979.966206		99.000000		0.028101		7185.729732
3980.000260		98.980003		0.028185		7190.519927
3989.966121		98.989998		0.028160		7195.308151
3989.993517		98.989998		0.028113		7200.121774
3990.001354		99.019997		0.028286		7204.927939
3999.966036		99.019997		0.028222		7209.766010
3999.996530		99.019997		0.028124		7214.621046
3999.997785		99.040001		0.028082		7219.465113
4000.000261		99.019997		0.028362		7224.318609
4000.004312		99.010002		0.028189		7229.132255
4000.004742		99.010002		0.028294		7233.971841
4009.965952		99.010002		0.028223		7238.765041
4019.965867		99.000000		0.028128		7243.537302
4019.993468		99.010002		0.028020		7248.398321
4019.996988		99.000000		0.028275		7253.205500
4020.000263		98.980003		0.028450		7258.017663
4029.965782		98.989998		0.028306		7262.799880
4039.965697		99.000000		0.028186		7267.630967
4040.000264		99.000000		0.028264		7272.490000
4040.004355		99.019997		0.028186		7277.275221
4049.965612		99.010002		0.028166		7282.112798
4049.993420		99.029999		0.028192		7286.906004
4049.996486		99.010002		0.028092		7291.673263
4049.997898		98.989998		0.028062		7296.451515
4059.965527		99.000000		0.028014		7301.255704
4060.000265		98.970001		0.028058		7306.044919
4060.001378		99.019997		0.027938		7310.909896
4069.965442		99.029999		0.027866		7315.718042
4079.965357		99.029999		0.027863		7320.521204
4079.993371		99.029999		0.027763		7325.269510
4079.996943		99.000000		0.027909		7330.099598
4080.000267		99.000000		0.027971		7334.921727
4080.004399		99.010002		0.027982		7339.739847
4080.004837		99.000000		0.028002		7344.556879
4089.965272		99.010002		0.027926		7349.374998
4099.965187		99.000000		0.027827		7354.148845
4099.996443		99.019997		0.027834		7358.957581
4099.997729		99.000000		0.027753		7363.754380
4100.000268		98.980003		0.027829		7368.598441
4109.965103		98.980003		0.027783		7373.417252
4109.993322		98.989998		0.027735		7378.229396
4119.965018		98.980003		0.027730		7383.119323
4120.000269		99.000000		0.027789		7387.892072
4120.004442		98.989998		0.027736		7392.741110
4129.964933		98.989998		0.027693		7397.553245
4130.001402		99.010002		0.027608		7402.356406
4139.964848		99.010002		0.027609		7407.183341
4139.993273		99.040001		0.027584		7412.005450
4139.996898		99.040001		0.027623		7416.810606
4139.997851		99.040001		0.027736		7421.666687
4140.000271		99.029999		0.027860		7426.484820
4149.964763		99.040001		0.027774		7431.318918
4149.996400		99.029999		0.027678		7436.193400
4159.964678		99.029999		0.027642		7441.001565
4160.000272		99.040001		0.027714		7445.848616
4160.004485		99.000000		0.027797		7450.745525
4160.004932		99.019997		0.027427		7455.560136
4169.964593		99.010002		0.027385		7460.357330
4169.993225		99.000000		0.027471		7465.138548
4179.964508		98.989998		0.027420		7469.984614
4180.000273		98.989998		0.027580		7474.730939
4189.964423		98.989998		0.027585		7479.489219
4199.964338		98.970001		0.027556		7484.281426
4199.993176		99.000000		0.027600		7489.094593
4199.996356		99.019997		0.027827		7493.895301
4199.996853		98.989998		0.027777		7498.826130
4199.997674		99.000000		0.028004		7503.622854
4200.000275		99.029999		0.028175		7508.423025
4200.001426		99.029999		0.027975		7513.358880
4200.004528		99.040001		0.027914		7518.178977
4209.964253		99.050003		0.027824		7523.002542
4219.964169		99.040001		0.027707		7527.769799
4220.000276		99.050003		0.027822		7532.553011
4229.964084		99.040001		0.027741		7537.355156
4229.993127		99.029999		0.027882		7542.149340
4229.997804		99.010002		0.027909		7546.942550
4239.963999		99.019997		0.027844		7551.727778
4240.000277		99.010002		0.027788		7556.507030
4240.004571		99.040001		0.027686		7561.307419
4240.005027		99.000000		0.027941		7566.085646
4249.963914		99.000000		0.027883		7570.899777
4249.996313		99.029999		0.027836		7575.665066
4259.963829		99.010002		0.027771		7580.538059
4259.993078		99.050003		0.027621		7585.334253
4259.996808		99.050003		0.027616		7590.167348
4260.000278		99.040001		0.027697		7594.925633
4269.963744		99.040001		0.027612		7599.757733
4270.001449		99.040001		0.027654		7604.647678
4279.963659		99.040001		0.027595		7609.495721
4280.000280		99.040001		0.027773		7614.358271
4280.004614		99.040001		0.027718		7619.217274
4289.963574		99.029999		0.027630		7624.050354
4289.993030		99.040001		0.027769		7628.919353
4299.963489		99.040001		0.027702		7633.818258
4299.996270		99.029999		0.027430		7638.673279
4299.997619		99.010002		0.027409		7643.495389
4300.000281		99.000000		0.027429		7648.346925
4309.963404		99.019997		0.027386		7653.121752
4319.963319		99.010002		0.027319		7657.897989
4319.992981		99.000000		0.027264		7662.692172
4319.996763		99.029999		0.027378		7667.457507
4319.997757		98.980003		0.027900		7672.294596
4320.000282		98.989998		0.027951		7677.101746
4320.004657		98.989998		0.027768		7681.885957
4320.005121		99.019997		0.027639		7686.647230
4329.963235		99.010002		0.027572		7691.482824
4339.963150		99.010002		0.027536		7696.259055
4340.000284		99.010002		0.027661		7701.074637
4340.001473		99.059998		0.027510		7705.849885
4349.963065		99.059998		0.027443		7710.707899
4349.992932		99.059998		0.027402		7715.510062
4349.996226		99.050003		0.027120		7720.249413
4359.962980		99.059998		0.027071		7725.105953
4360.000285		99.059998		0.027203		7729.982928
4360.004700		99.059998		0.027125		7734.744220
4369.962895		99.059998		0.027081		7739.609217
4379.962810		99.050003		0.027051		7744.519102
4379.992883		99.040001		0.027148		7749.410019
4379.996718		99.050003		0.027390		7754.230135
4380.000286		99.019997		0.027517		7759.051248
4389.962725		99.040001		0.027428		7763.854163
4399.962640		99.050003		0.027368		7768.664305
4399.996183		99.029999		0.027334		7773.448532
4399.997563		99.010002		0.027331		7778.391334
4400.000288		99.019997		0.027376		7783.210468
4400.004744		99.000000		0.027292		7787.951623
4400.005216		99.019997		0.027066		7792.776741
4409.962555		99.040001		0.027025		7797.538521
4409.992835		98.989998		0.027030		7802.382572
4409.997711		99.059998		0.027462		7807.203204
4410.001497		99.080002		0.027186		7812.004370
4419.962470		99.089996		0.027110		7816.773618
4420.000289		99.070000		0.027183		7821.584772
4429.962385		99.070000		0.027110		7826.362998
4439.962301		99.080002		0.027040		7831.161173
4439.992786		99.089996		0.026986		7835.941393
4439.996673		99.080002		0.026925		7840.777487
4440.000290		99.070000		0.026972		7845.649463
4440.004787		99.070000		0.026942		7850.530416
4449.962216		99.080002		0.026926		7855.391927
4449.996139		99.059998		0.026932		7860.257919
4459.962131		99.050003		0.026911		7865.079031
4460.000292		99.050003		0.027013		7869.868229
4469.962046		99.050003		0.026966		7874.700311
4469.992737		99.080002		0.027034		7879.546358
4479.961961		99.080002		0.026979		7884.392404
4480.000293		99.050003		0.027238		7889.207525
4480.001521		99.070000		0.027119		7894.078536
4480.004830		99.080002		0.027113		7898.967467
4480.005311		99.089996		0.026903		7903.858393
4489.961876		99.080002		0.026843		7908.758308
4499.961791		99.080002		0.026801		7913.621858
4499.992688		99.080002		0.026776		7918.521606
4499.996096		99.040001		0.026756		7923.435469
4499.996628		99.019997		0.026799		7928.318700
4499.997508		99.040001		0.026989		7933.268485
4499.997664		99.050003		0.027016		7938.054199
4500.000294		99.019997		0.027061		7942.888291
4509.961706		99.019997		0.026945		7947.723512
4519.961621		99.029999		0.026897		7952.581459
4520.000295		99.029999		0.026972		7957.445918
4520.004873		99.019997		0.026954		7962.286000
4529.961536		99.019997		0.026914		7967.122074
4529.992640		99.029999		0.027001		7971.959142
4539.961451		99.040001		0.026968		7976.819152
4540.000297		99.040001		0.027016		7981.642258
4549.961367		99.050003		0.026960		7986.454411
4549.996053		99.070000		0.026973		7991.309119
4550.001544		99.029999		0.026761		7996.202051
4559.961282		99.029999		0.026711		8001.117936
4559.992591		99.050003		0.026737		8006.014863
4559.996583		99.029999		0.026891		8010.950669
4560.000298		99.050003		0.027092		8015.862572
4560.004916		99.040001		0.027046		8020.767490
4560.005406		99.059998		0.026917		8025.645482
4569.961197		99.070000		0.026836		8030.547407
4579.961112		99.080002		0.026760		8035.518078
4580.000299		99.050003		0.026938		8040.525766
4589.961027		99.059998		0.026864		8045.487155
4589.992542		99.059998		0.027019		8050.382070
4589.997617		99.019997		0.028101		8055.269006
4599.960942		99.010002		0.027853		8060.135996
4599.996009		99.029999		0.027512		8064.969104
4599.997452		99.050003		0.027761		8069.833100
4600.000301		99.059998		0.027861		8074.632711
4600.004959		99.050003		0.027803		8079.462825
4609.960857		99.040001		0.027628		8084.288945
4619.960772		99.040001		0.027430		8089.120050
4619.992493		99.070000		0.027294		8093.934201
4619.996538		99.050003		0.027448		8098.800195
4620.000302		99.040001		0.027482		8103.647253
4620.001568		99.099998		0.027262		8108.569106
4629.960687		99.059998		0.027137		8113.453066
4639.960602		99.050003		0.027043		8118.234297
4640.000303		99.080002		0.027100		8123.098313
4640.005002		99.059998		0.027106		8127.976304
4640.005501		99.110001		0.027257		8132.780480
4649.960517		99.099998		0.027134		8137.577667
4649.992445		99.099998		0.027023		8142.430896
4649.995966		99.110001		0.026854		8147.303870
4659.960433		99.099998		0.026748		8152.162882
4660.000305		99.099998		0.026898		8157.004947
4669.960348		99.089996		0.026789		8161.850012
4679.960263		99.099998		0.026722		8166.768863
4679.992396		99.089996		0.026643		8171.637872
4679.996493		99.080002		0.026648		8176.601127
4679.997571		99.070000		0.026803		8181.473120
4680.000306		99.040001		0.026944		8186.318161
4680.005045		99.040001		0.026915		8191.154969
4689.960178		99.059998		0.026908		8196.054519
4690.001592		99.080002		0.026846		8200.929502
4699.960093		99.089996		0.026749		8205.731200
4699.995923		99.080002		0.026824		8210.535356
4699.997397		99.080002		0.026756		8215.372428
4700.000307		99.059998		0.026879		8220.215495
4709.960008		99.080002		0.026782		8225.010691
4709.992347		99.089996		0.026740		8229.869719
4719.959923		99.089996		0.026713		8234.752666
4720.000309		99.080002		0.026928		8239.609579
4720.005088		99.050003		0.026954		8244.489935
4720.005596		99.080002		0.026784		8249.317055
4729.959838		99.080002		0.026719		8254.154137
4739.959753		99.070000		0.026636		8259.001692
4739.992299		99.089996		0.026647		8263.831342
4739.996448		99.070000		0.026924		8268.646470
4740.000310		99.059998		0.026946		8273.494511
4749.959668		99.059998		0.026836		8278.302336
4749.995879		99.070000		0.026984		8283.095541
4759.959583		99.050003		0.026856		8287.948596
4760.000311		99.059998		0.026951		8292.784680
4760.001616		99.040001		0.026932		8297.657654
4760.005132		99.059998		0.026896		8302.518707
4769.959499		99.040001		0.026817		8307.360180
4769.992250		99.070000		0.026808		8312.172321
4769.997524		99.050003		0.026845		8316.979479
4779.959414		99.040001		0.026758		8321.797725
4780.000312		99.050003		0.026833		8326.609878
4789.959329		99.050003		0.026764		8331.475871
4799.959244		99.059998		0.026718		8336.352677
4799.992201		99.059998		0.026617		8341.227645
4799.995836		99.059998		0.026575		8346.082702
4799.996403		99.019997		0.026568		8350.946719
4799.997342		99.050003		0.026582		8355.886513
4800.000314		99.059998		0.026635		8360.716602
4800.005175		99.050003		0.026490		8365.536720
4800.005690		99.080002		0.026146		8370.403179
4809.959159		99.070000		0.026070		8375.243240
4819.959074		99.080002		0.026055		8380.075334
4820.000315		99.099998		0.026191		8384.944319
4829.958989		99.099998		0.026159		8389.794861
4829.992152		99.070000		0.026209		8394.599018
4830.001639		99.099998		0.026278		8399.448056
4839.958904		99.089996		0.026211		8404.298090
4840.000316		99.070000		0.026367		8409.157102
4840.005218		99.070000		0.026296		8413.958267
4849.958819		99.059998		0.026215		8418.811295
4849.995792		99.089996		0.026221		8423.651355
4859.958734		99.080002		0.026131		8428.476457
4859.992104		99.089996		0.026165		8433.260197
4859.996358		99.099998		0.026153		8438.116229
4859.997477		99.120003		0.026105		8443.003683
4860.000318		99.110001		0.026164		8447.948465
4869.958649		99.110001		0.026152		8452.849382
4879.958565		99.110001		0.026126		8457.741808
4880.000319		99.080002		0.026227		8462.567907
4880.005261		99.089996		0.026212		8467.483767
4880.005785		99.099998		0.026044		8472.343776
4889.958480		99.099998		0.025993		8477.219750
4889.992055		99.089996		0.026152		8482.058813
4899.958395		99.080002		0.026111		8486.871963
4899.995749		99.059998		0.026313		8491.703048
4899.997286		99.059998		0.026495		8496.538143
4900.000320		99.070000		0.026552		8501.402172
4900.001663		99.059998		0.026500		8506.313044
4909.958310		99.070000		0.026399		8511.132174
4919.958225		99.050003		0.026279		8515.943324
4919.992006		99.059998		0.026309		8520.756458
4919.996313		99.050003		0.026530		8525.540700
4920.000322		99.050003		0.026639		8530.331909
4920.005304		99.040001		0.026583		8535.167024
4929.958140		99.019997		0.026496		8540.021571
4939.958055		99.029999		0.026424		8544.867156
4940.000323		99.050003		0.026527		8549.684279
4949.957970		99.040001		0.026433		8554.459588
4949.991957		99.050003		0.026485		8559.315618
4949.995706		99.089996		0.026436		8564.132763
4949.997430		99.029999		0.026580		8569.028712
4959.957885		99.019997		0.026480		8573.843855
4960.000324		99.029999		0.026570		8578.645022
4960.005347		99.029999		0.026414		8583.451218
4960.005880		99.019997		0.026500		8588.253400
4969.957800		99.029999		0.026418		8593.075508
4970.001687		99.040001		0.026287		8597.852357
4979.957715		99.040001		0.026244		8602.629601
4979.991909		99.040001		0.026292		8607.436769
4979.996268		99.040001		0.026249		8612.250627
4980.000326		99.040001		0.026311		8617.054805
4989.957631		99.010002		0.026305		8621.891451
4999.957546		99.010002		0.026270		8626.661699
4999.995662		99.070000		0.026155		8631.479820
4999.997231		99.029999		0.026267		8636.311902
5000.000327		99.050003		0.026402		8641.126051
5000.005390		99.050003		0.026362		8645.951152
5009.957461		99.050003		0.026309		8650.745337
5009.991860		99.029999		0.026337		8655.579414
5019.957376		99.040001		0.026282		8660.400527
5020.000328		99.070000		0.026392		8665.189828
5029.957291		99.059998		0.026351		8670.006399
5039.957206		99.050003		0.026333		8674.854439
5039.991811		99.080002		0.026346		8679.659632
5039.996223		99.070000		0.026344		8684.466335
5039.997384		99.080002		0.026499		8689.306430
5040.000329		99.089996		0.026615		8694.113659
5040.001711		99.059998		0.026782		8698.957573
5040.005433		99.059998		0.026660		8703.793808
5040.005975		99.059998		0.026410		8708.636655
5049.957121		99.050003		0.026327		8713.444820
5049.995619		99.050003		0.026243		8718.270965
5059.957036		99.050003		0.026185		8723.114028
5060.000331		99.050003		0.026288		8727.909241
5069.956951		99.050003		0.026225		8732.724369
5069.991762		99.019997		0.026193		8737.540534
5079.956866		99.019997		0.026163		8742.367647
5080.000332		99.040001		0.026192		8747.133905
5080.005477		99.050003		0.026059		8751.948036
5089.956781		99.040001		0.026033		8756.784108
5099.956697		99.040001		0.025991		8761.594278
5099.991714		99.029999		0.025994		8766.487200
5099.995575		99.050003		0.025902		8771.360174
5099.996178		99.059998		0.026067		8776.203811
5099.997176		99.050003		0.026036		8781.049853
5100.000333		99.059998		0.026137		8785.837069
5109.956612		99.059998		0.026056		8790.642224
5110.001735		99.080002		0.026118		8795.467320
5119.956527		99.070000		0.026025		8800.282431
5120.000335		99.050003		0.026166		8805.101126
5120.005520		99.059998		0.026168		8809.945189
5120.006070		99.059998		0.026057		8814.740394
5129.956442		99.059998		0.025981		8819.554524
5129.991665		99.089996		0.025961		8824.366673
5129.997337		99.110001		0.025965		8829.264626
5139.956357		99.089996		0.025932		8834.107662
5140.000336		99.099998		0.025994		8838.977644
5149.956272		99.089996		0.025935		8843.810724
5149.995532		99.089996		0.025919		8848.620895
5159.956187		99.110001		0.025879		8853.480917
5159.991616		99.099998		0.025899		8858.320002
5159.996133		99.120003		0.026008		8863.130803
5160.000337		99.099998		0.026084		8867.933962
5160.005563		99.099998		0.026051		8872.736130
5169.956102		99.089996		0.026013		8877.552055
5179.956017		99.099998		0.025947		8882.396117
5180.000339		99.099998		0.026071		8887.212267
5180.001758		99.080002		0.026160		8892.042384
5189.955932		99.099998		0.026058		8896.908243
5189.991567		99.080002		0.026194		8901.787201
5199.955847		99.070000		0.026112		8906.584377
5199.995489		99.089996		0.025967		8911.408706
5199.997120		99.080002		0.026138		8916.211887
5200.000340		99.089996		0.026217		8920.994124
5200.005606		99.080002		0.026193		8925.815264
5200.006165		99.080002		0.025962		8930.646354
5209.955763		99.070000		0.025915		8935.495435
5219.955678		99.059998		0.025852		8940.341298
5219.991519		99.050003		0.025874		8945.164419
5219.996089		99.040001		0.026065		8950.019897
5219.997290		99.070000		0.026097		8954.852432
5220.000341		99.080002		0.026252		8959.700488
5229.955593		99.070000		0.026164		8964.539552
5239.955508		99.050003		0.026085		8969.424493
5240.000343		99.070000		0.026116		8974.255129
5240.005649		99.050003		0.026090		8979.105182
5249.955423		99.059998		0.026033		8983.929595
5249.991470		99.040001		0.026055		8988.771661
5249.995445		99.050003		0.026080		8993.599779
5250.001782		99.070000		0.026257		8998.411916
5259.955338		99.050003		0.026151		9003.247503
5260.000344		99.059998		0.026200		9008.112476
5269.955253		99.050003		0.026109		9012.940580
5279.955168		99.050003		0.026035		9017.787624
5279.991421		99.059998		0.026120		9022.594787
5279.996044		99.070000		0.026165		9027.438375
5280.000345		99.059998		0.026315		9032.325312
5280.005692		99.080002		0.026217		9037.178339
5280.006260		99.099998		0.026385		9042.012670
5289.955083		99.099998		0.026209		9046.869760
5299.954998		99.070000		0.026105		9051.691869
5299.995402		99.089996		0.026076		9056.492084
5299.997065		99.080002		0.026245		9061.300246
5300.000346		99.099998		0.026285		9066.123352
5309.954913		99.070000		0.026165		9070.970394
5309.991372		99.089996		0.025896		9075.769426
5309.997244		99.070000		0.025990		9080.640405
5319.954829		99.050003		0.025943		9085.445560
5320.000348		99.050003		0.026030		9090.315542
5320.001806		99.089996		0.025884		9095.103928
5320.005735		99.070000		0.025954		9100.003224
5329.954744		99.070000		0.025888		9104.799404
5339.954659		99.050003		0.025862		9109.620530
5339.991324		99.059998		0.025890		9114.452630
5339.995999		99.070000		0.025927		9119.269569
5340.000349		99.059998		0.025980		9124.103654
5349.954574		99.050003		0.025945		9128.925776
5349.995359		99.070000		0.025770		9133.795758
5359.954489		99.080002		0.025736		9138.710621
5360.000350		99.059998		0.025911		9143.510790
5360.005778		99.070000		0.025871		9148.333491
5360.006354		99.089996		0.025689		9153.165601
5369.954404		99.080002		0.025695		9158.056075
5369.991275		99.080002		0.025819		9162.939910
5379.954319		99.080002		0.025768		9167.827880
5380.000352		99.070000		0.025808		9172.622072
5389.954234		99.080002		0.025784		9177.454172
5390.001830		99.099998		0.025917		9182.286254
5399.954149		99.099998		0.025861		9187.097394
5399.991226		99.089996		0.025820		9191.910721
5399.995315		99.120003		0.025762		9196.731914
5399.995954		99.059998		0.025856		9201.567986
5399.997009		99.080002		0.025980		9206.392097
5399.997197		99.099998		0.026481		9211.209470
5400.000353		99.080002		0.026507		9215.983708
5400.005822		99.089996		0.026378		9220.808843
5409.954064		99.099998		0.026254		9225.609025
5419.953979		99.099998		0.026193		9230.471030
5420.000354		99.089996		0.026194		9235.363978
5429.953895		99.099998		0.026109		9240.216022
5429.991177		99.089996		0.026050		9245.040138
5439.953810		99.099998		0.025963		9249.862258
5440.000356		99.110001		0.026119		9254.635514
5440.005865		99.080002		0.026167		9259.553392
5440.006449		99.099998		0.025994		9264.380488
5449.953725		99.110001		0.025914		9269.230527
5449.995272		99.089996		0.025885		9274.047650
5459.953640		99.089996		0.025823		9278.804933
5459.991129		99.110001		0.025828		9283.583225
5459.995909		99.080002		0.026063		9288.410331
5460.000357		99.089996		0.026135		9293.205514
5460.001853		99.070000		0.026279		9298.068516
5469.953555		99.059998		0.026159		9302.869736
5479.953470		99.050003		0.026081		9307.680872
5480.000358		99.070000		0.026186		9312.467078
5480.005908		99.040001		0.026102		9317.280211
5489.953385		99.059998		0.026023		9322.107306
5489.991080		99.050003		0.025916		9326.909476
5489.997150		99.059998		0.025997		9331.735589
5499.953300		99.059998		0.025886		9336.533779
5499.995228		99.070000		0.025759		9341.377850
5499.996954		99.050003		0.025899		9346.196968
5500.000360		99.029999		0.026044		9351.018808
5509.953215		99.029999		0.025942		9355.821954
5519.953130		99.040001		0.025858		9360.658999
5519.991031		99.050003		0.025887		9365.536980
5519.995864		99.029999		0.025970		9370.350131
5520.000361		99.050003		0.026133		9375.200182
5520.005951		99.050003		0.026107		9380.066175
5520.006544		99.050003		0.025827		9384.887137
5529.953045		99.050003		0.025767		9389.677332
5530.001877		99.040001		0.025754		9394.507435
5539.952961		99.040001		0.025700		9399.346069
5540.000362		99.050003		0.025784		9404.176174
5549.952876		99.050003		0.025690		9409.045171
5549.990982		99.059998		0.025631		9413.814440
5549.995185		99.070000		0.025627		9418.676447
5559.952791		99.059998		0.025569		9423.470631
5560.000363		99.070000		0.025604		9428.355584
5560.005994		99.070000		0.025626		9433.206677
5569.952706		99.070000		0.025590		9438.026793
5579.952621		99.080002		0.025537		9442.871858
5579.990934		99.070000		0.025563		9447.671025
5579.995819		99.070000		0.025564		9452.440314
5579.997103		99.080002		0.025595		9457.222529
5580.000365		99.080002		0.025686		9462.042680
5589.952536		99.070000		0.025680		9466.831892
5599.952451		99.080002		0.025635		9471.661979
5599.995142		99.040001		0.025616		9476.455182
5599.996899		99.050003		0.025476		9481.307042
5600.000366		99.059998		0.025563		9486.085286
5600.001901		99.059998		0.025430		9490.869512
5600.006037		99.059998		0.025603		9495.747124
5600.006639		99.089996		0.025437		9500.586208
5609.952366		99.080002		0.025389		9505.369435
5609.990885		99.070000		0.025443		9510.197550
5619.952281		99.080002		0.025387		9515.014790
5620.000367		99.070000		0.025458		9519.848891
5629.952196		99.059998		0.025423		9524.665015
5639.952111		99.070000		0.025362		9529.530011
5639.990836		99.070000		0.025436		9534.375078
5639.995774		99.050003		0.025544		9539.227108
5640.000369		99.050003		0.025618		9543.991371
5640.006080		99.070000		0.025483		9548.764644
5649.952027		99.080002		0.025381		9553.547858
5649.995098		99.070000		0.025272		9558.368971
5659.951942		99.070000		0.025257		9563.256904
5660.000370		99.059998		0.025447		9568.069039
5669.951857		99.059998		0.025436		9572.862227
5669.990787		99.059998		0.025493		9577.658420
5669.997057		99.110001		0.025398		9582.479532
5670.001925		99.070000		0.025379		9587.295657
5679.951772		99.080002		0.025300		9592.138674
5680.000371		99.050003		0.025479		9596.970764
5680.006123		99.080002		0.025501		9601.786889
5680.006734		99.070000		0.025203		9606.617988
5689.951687		99.080002		0.025164		9611.443228
5699.951602		99.080002		0.025140		9616.260373
5699.990739		99.070000		0.025113		9621.092456
5699.995055		99.089996		0.025192		9625.916559
5699.995729		99.080002		0.025318		9630.799505
5699.996843		99.089996		0.025376		9635.576747
5700.000373		99.070000		0.025443		9640.370297
5709.951517		99.089996		0.025363		9645.182433
5719.951432		99.070000		0.025310		9649.985614
5720.000374		99.059998		0.025468		9654.795893
5720.006167		99.059998		0.025500		9659.618002
5729.951347		99.070000		0.025439		9664.396254
5729.990690		99.050003		0.025414		9669.196420
5739.951262		99.050003		0.025379		9674.029502
5740.000375		99.050003		0.025502		9678.864577
5740.001948		99.050003		0.025664		9683.706634
5749.951177		99.040001		0.025581		9688.520764
5749.995012		99.040001		0.025502		9693.396746
5759.951093		99.040001		0.025432		9698.248359
5759.990641		99.029999		0.025418		9703.077454
5759.995684		99.050003		0.025436		9707.860669
5759.997010		99.059998		0.025372		9712.668860
5760.000377		99.019997		0.025448		9717.463063
5760.006210		99.050003		0.025395		9722.254256
5760.006829		99.050003		0.025405		9727.049464
5769.951008		99.050003		0.025305		9731.906500
5779.950923		99.050003		0.025229		9736.700703
5780.000378		99.040001		0.025258		9741.529793
5789.950838		99.040001		0.025219		9746.391339
5789.990592		99.059998		0.025366		9751.239416
5799.950753		99.070000		0.025322		9756.170259
5799.994968		99.080002		0.025257		9761.041040
5799.996788		99.080002		0.025437		9765.849219
5800.000379		99.070000		0.025538		9770.678342
5800.006253		99.080002		0.025534		9775.493050
5809.950668		99.070000		0.025423		9780.321143
5810.001972		99.080002		0.025470		9785.101366
5819.950583		99.089996		0.025399		9789.924666
5819.990544		99.070000		0.025399		9794.730276
5819.995639		99.080002		0.025570		9799.531442
5820.000380		99.080002		0.025536		9804.391451
5829.950498		99.059998		0.025443		9809.194639
5839.950413		99.070000		0.025367		9814.009797
5840.000382		99.070000		0.025377		9818.895736
5840.006296		99.059998		0.025361		9823.761742
5840.006923		99.059998		0.025487		9828.620765
5849.950328		99.050003		0.025426		9833.454843
5849.990495		99.050003		0.025344		9838.270432
5849.994925		99.050003		0.025221		9843.096606
5849.996963		99.080002		0.025250		9847.939658
5859.950243		99.080002		0.025189		9852.788715
5860.000383		99.059998		0.025229		9857.600871
5869.950159		99.050003		0.025206		9862.488805
5879.950074		99.059998		0.025168		9867.294980
5879.990446		99.070000		0.025177		9872.077209
5879.995594		99.070000		0.025237		9876.938122
5880.000384		99.070000		0.025271		9881.740284
5880.001996		99.080002		0.025316		9886.575380
5880.006339		99.070000		0.025313		9891.452390
5889.949989		99.080002		0.025249		9896.273308
5899.949904		99.070000		0.025188		9901.109398
5899.994881		99.080002		0.025236		9905.929511
5899.996732		99.110001		0.025251		9910.749627
5900.000386		99.139999		0.025365		9915.579715
5909.949819		99.120003		0.025266		9920.380881
5909.990398		99.120003		0.025319		9925.258374
5919.949734		99.099998		0.025241		9930.090488
5920.000387		99.080002		0.025291		9934.889658
5920.006382		99.110001		0.025264		9939.696808
5920.007018		99.120003		0.025133		9944.478058
5929.949649		99.110001		0.025073		9949.288043
5939.949564		99.110001		0.025009		9954.114161
5939.990349		99.110001		0.025066		9958.981165
5939.995549		99.120003		0.025249		9963.821756
5939.996916		99.120003		0.025374		9968.614942
5940.000388		99.110001		0.025529		9973.405333
5949.949479		99.110001		0.025420		9978.246120
5949.994838		99.120003		0.025341		9983.101154
5950.002020		99.120003		0.025421		9987.873413
5959.949394		99.129997		0.025321		9992.701085
5960.000390		99.099998		0.025349		9997.508235
5960.006425		99.099998		0.025233		10002.292447
5969.949309		99.089996		0.025177		10007.142045
5969.990300		99.099998		0.025159		10011.923264
5979.949225		99.080002		0.025094		10016.769841
5980.000391		99.089996		0.025196		10021.650792
5989.949140		99.080002		0.025128		10026.450968
5999.949055		99.080002		0.025054		10031.268091
5999.990251		99.099998		0.025106		10036.084218
5999.994795		99.099998		0.025098		10040.950363
5999.995504		99.099998		0.025087		10045.792438
5999.996677		99.099998		0.025458		10050.592605
6000.000392		99.080002		0.025612		10055.413731
6000.006468		99.089996		0.025435		10060.221838
6000.007113		99.110001		0.025125		10065.035968
6009.948970		99.099998		0.025072		10069.837127
6019.948885		99.110001		0.025058		10074.666686
6020.000394		99.110001		0.025247		10079.466870
6020.002043		99.120003		0.025196		10084.245097
6029.948800		99.129997		0.025143		10089.116074
6029.990203		99.129997		0.025128		10094.086859
6029.996870		99.110001		0.025035		10098.939947
6039.948715		99.089996		0.025006		10103.747626
6040.000395		99.110001		0.025101		10108.572791
6040.006512		99.110001		0.025049		10113.363994
6049.948630		99.080002		0.025011		10118.178124
6049.994751		99.070000		0.025242		10122.932961
6059.948545		99.070000		0.025204		10127.749109
6059.990154		99.089996		0.025343		10132.547520
6059.995459		99.080002		0.025352		10137.389038
6060.000396		99.089996		0.025514		10142.243103
6069.948460		99.089996		0.025453		10147.026845
6079.948375		99.080002		0.025372		10151.906803
6080.000397		99.080002		0.025474		10156.732770
6080.006555		99.070000		0.025468		10161.564852
6080.007208		99.070000		0.025345		10166.414412
6089.948291		99.070000		0.025272		10171.189552
6089.990105		99.080002		0.025325		10176.011662
6090.002067		99.110001		0.025429		10180.795871
6099.948206		99.089996		0.025322		10185.589058
6099.994708		99.099998		0.025183		10190.420250
6099.996622		99.080002		0.025194		10195.238372
6100.000399		99.080002		0.025265		10200.046537
6109.948121		99.089996		0.025153		10204.857706
6119.948036		99.059998		0.025084		10209.681332
6119.990056		99.070000		0.025153		10214.465541
6119.995414		99.050003		0.025163		10219.328558
6119.996823		99.070000		0.025143		10224.165647
6120.000400		99.070000		0.025238		10228.979779
6120.006598		99.089996		0.025166		10233.769974
6129.947951		99.089996		0.025128		10238.605077
6139.947866		99.070000		0.025083		10243.386297
6140.000401		99.050003		0.025099		10248.192448
6149.947781		99.050003		0.025070		10253.035505
6149.990008		99.059998		0.025104		10257.862656
6149.994665		99.070000		0.025208		10262.672800
6159.947696		99.059998		0.025183		10267.432100
6160.000403		99.070000		0.025269		10272.277165
6160.002091		99.089996		0.025138		10277.083336
6160.006641		99.110001		0.025057		10281.902456
6160.007303		99.110001		0.025169		10286.820691
6169.947611		99.120003		0.025110		10291.642801
6179.947526		99.120003		0.025057		10296.500844
6179.989959		99.110001		0.024996		10301.369827
6179.995369		99.080002		0.025118		10306.222882
6180.000404		99.089996		0.025355		10311.048001
6189.947441		99.080002		0.025317		10315.895059
6199.947357		99.080002		0.025279		10320.717188
6199.994621		99.110001		0.025383		10325.558246
6199.996566		99.089996		0.025298		10330.381397
6200.000405		99.080002		0.025339		10335.189570
6200.006684		99.089996		0.025225		10340.037643
6209.947272		99.110001		0.025170		10344.917295
6209.989910		99.089996		0.025149		10349.779523
6209.996776		99.099998		0.025077		10354.601633
6219.947187		99.089996		0.025041		10359.492945
6220.000407		99.089996		0.025106		10364.318178
6229.947102		99.089996		0.025043		10369.133774
6230.002115		99.099998		0.025270		10373.967850
6239.947017		99.099998		0.025218		10378.810911
6239.989861		99.099998		0.025205		10383.572211
6239.995324		99.080002		0.025137		10388.386870
6240.000408		99.070000		0.025283		10393.217821
6240.006727		99.099998		0.025171		10398.025738
6240.007398		99.110001		0.025152		10402.889032
6249.946932		99.099998		0.025098		10407.750126
6249.994578		99.099998		0.024970		10412.581211
6259.946847		99.099998		0.024911		10417.451308
6260.000409		99.089996		0.024999		10422.344371
6269.946762		99.099998		0.024932		10427.173461
6269.989813		99.099998		0.025003		10431.986573
6279.946677		99.089996		0.024978		10436.810263
6280.000411		99.099998		0.025073		10441.618434
6280.006770		99.080002		0.025057		10446.437455
6289.946592		99.070000		0.025010		10451.260582
6299.946507		99.070000		0.024971		10456.091668
6299.989764		99.070000		0.025050		10460.930745
6299.994534		99.080002		0.025074		10465.789756
6299.995279		99.059998		0.025027		10470.556617
6299.996511		99.059998		0.025185		10475.345831
6299.996730		99.080002		0.025284		10480.129058
6300.000412		99.080002		0.025320		10484.964148
6300.002138		99.099998		0.025287		10489.759331
6309.946423		99.070000		0.025206		10494.563506
6319.946338		99.070000		0.025141		10499.430003
6320.000413		99.080002		0.025343		10504.242151
6320.006813		99.050003		0.025438		10509.062281
6320.007492		99.080002		0.025383		10513.886383
6329.946253		99.099998		0.025266		10518.712483
6329.989715		99.070000		0.025314		10523.628235
6339.946168		99.070000		0.025241		10528.534132
6340.000414		99.080002		0.025352		10533.435051
6349.946083		99.080002		0.025273		10538.395824
6349.994491		99.110001		0.025152		10543.298723
6359.945998		99.089996		0.025060		10548.204880
6359.989666		99.110001		0.025158		10553.080312
6359.995234		99.089996		0.025220		10557.905415
6360.000416		99.089996		0.025461		10562.735503
6360.006857		99.080002		0.025556		10567.534688
6369.945913		99.099998		0.025433		10572.368771
6370.002162		99.089996		0.025603		10577.199871
6379.945828		99.110001		0.025485		10581.991063
6380.000417		99.099998		0.025748		10586.855096
6389.945743		99.110001		0.025584		10591.742049
6389.989618		99.120003		0.025652		10596.543214
6389.996683		99.099998		0.025884		10601.337233
6399.945658		99.089996		0.025728		10606.265060
6399.994448		99.080002		0.025434		10611.127119
6399.996456		99.099998		0.025496		10616.110796
6400.000418		99.120003		0.025529		10621.055578
6400.006900		99.099998		0.025499		10625.985398
6400.007587		99.089996		0.025429		10630.910177
6409.945573		99.099998		0.025367		10635.851472
6419.945489		99.099998		0.025285		10640.807252
6419.989569		99.099998		0.025308		10645.667277
6419.995189		99.080002		0.025328		10650.668891
6420.000420		99.099998		0.025388		10655.555553
6429.945404		99.099998		0.025323		10660.474565
6439.945319		99.089996		0.025249		10665.270976
6440.000421		99.099998		0.025394		10670.159946
6440.002186		99.099998		0.025613		10675.036909
6440.006943		99.099998		0.025484		10679.989669
6449.945234		99.089996		0.025368		10684.869145
6449.989520		99.110001		0.025369		10689.699234
6449.994404		99.110001		0.025271		10694.538938
6459.945149		99.110001		0.025202		10699.364583
6460.000422		99.129997		0.025282		10704.224139
6469.945064		99.089996		0.025195		10709.128687
6479.944979		99.089996		0.025112		10713.969653
6479.989471		99.099998		0.025119		10718.828173
6479.995144		99.089996		0.025171		10723.635339
6479.996636		99.120003		0.025264		10728.459441
6480.000424		99.110001		0.025332		10733.306655
6480.006986		99.099998		0.025275		10738.138749
6480.007682		99.110001		0.025190		10742.977813
6489.944894		99.099998		0.025136		10747.855978
6499.944809		99.099998		0.025116		10752.728952
6499.994361		99.099998		0.025057		10757.597936
6499.996400		99.129997		0.025517		10762.444001
6500.000425		99.110001		0.025719		10767.291062
6509.944724		99.099998		0.025592		10772.135347
6509.989423		99.120003		0.025618		10776.971420
6510.002210		99.099998		0.025658		10781.814991
6519.944639		99.099998		0.025519		10786.711912
6520.000426		99.099998		0.025631		10791.567933
6520.007029		99.110001		0.025536		10796.428952
6529.944555		99.110001		0.025447		10801.299932
6539.944470		99.120003		0.025311		10806.160907
6539.989374		99.120003		0.025349		10811.060823
6539.995099		99.089996		0.025445		10815.984660
6540.000428		99.089996		0.025453		10820.780839
6549.944385		99.099998		0.025350		10825.611298
6549.994318		99.110001		0.025263		10830.505385
6559.944300		99.120003		0.025193		10835.315526
6560.000429		99.120003		0.025257		10840.182526
6560.007072		99.129997		0.025304		10845.002181
6560.007777		99.099998		0.025096		10849.823293
6569.944215		99.099998		0.025028		10854.663356
6569.989325		99.129997		0.025123		10859.481478
6569.996589		99.120003		0.025297		10864.340490
6579.944130		99.110001		0.025201		10869.258342
6580.000430		99.089996		0.025298		10874.104388
6580.002233		99.120003		0.025391		10878.969424
6589.944045		99.089996		0.025279		10883.850858
6599.943960		99.070000		0.025209		10888.687726
6599.989276		99.110001		0.025246		10893.545738
6599.994274		99.120003		0.025069		10898.418762
6599.995054		99.120003		0.025271		10903.256338
6599.996345		99.080002		0.025232		10908.110375
6600.000431		99.129997		0.025283		10912.957170
6600.007115		99.110001		0.025285		10917.836204
6609.943875		99.110001		0.025200		10922.653325
6619.943790		99.110001		0.025111		10927.501366
6620.000433		99.110001		0.025371		10932.338435
6629.943705		99.120003		0.025251		10937.138604
6629.989228		99.120003		0.025291		10941.929796
6639.943621		99.120003		0.025208		10946.880571
6640.000434		99.120003		0.025392		10951.726229
6640.007158		99.099998		0.025337		10956.520415
6640.007872		99.099998		0.025331		10961.361506
6649.943536		99.099998		0.025206		10966.216528
6649.994231		99.110001		0.025132		10971.104526
6650.002257		99.110001		0.025241		10975.980445
6659.943451		99.110001		0.025165		10980.852431
6659.989179		99.099998		0.025173		10985.713467
6659.995009		99.089996		0.025326		10990.541559
6659.996543		99.110001		0.025746		10995.369380
6660.000435		99.110001		0.025749		11000.219423
6669.943366		99.110001		0.025582		11005.089921
6679.943281		99.120003		0.025533		11009.991803
6680.000437		99.089996		0.025633		11014.861784
6680.007201		99.129997		0.025719		11019.678928
6689.943196		99.110001		0.025592		11024.512007
6689.989130		99.129997		0.025581		11029.364034
6699.943111		99.120003		0.025486		11034.209081
6699.994187		99.099998		0.025544		11039.078065
6699.996289		99.129997		0.025513		11043.911147
6700.000438		99.120003		0.025593		11048.742231
6709.943026		99.129997		0.025499		11053.558356
6719.942941		99.129997		0.025365		11058.352555
6719.989081		99.129997		0.025474		11063.186659
6719.994965		99.089996		0.025429		11067.988837
6720.000439		99.110001		0.025488		11072.835880
6720.002281		99.129997		0.025436		11077.692916
6720.007245		99.120003		0.025340		11082.558407
6720.007967		99.129997		0.025297		11087.402475
6729.942856		99.139999		0.025177		11092.252510
6739.942771		99.150002		0.025089		11097.085347
6740.000441		99.129997		0.025143		11101.963014
6749.942687		99.139999		0.025053		11106.834004
6749.989033		99.139999		0.025091		11111.661116
6749.994144		99.139999		0.025148		11116.583956
6749.996496		99.110001		0.025461		11121.431000
6759.942602		99.110001		0.025352		11126.265332
6760.000442		99.099998		0.025432		11131.145301
6760.007288		99.110001		0.025383		11136.063155
6769.942517		99.120003		0.025269		11140.915183
6779.942432		99.099998		0.025198		11145.825059
6779.988984		99.110001		0.025202		11150.649180
6779.994920		99.120003		0.025205		11155.498229
6780.000443		99.120003		0.025297		11160.327370
6789.942347		99.099998		0.025227		11165.229162
6790.002305		99.120003		0.025184		11170.107142
6799.942262		99.099998		0.025090		11175.089849
6799.994101		99.110001		0.025019		11180.034647
6799.996234		99.120003		0.025075		11184.957329
6800.000445		99.120003		0.025129		11189.866758
6800.007331		99.120003		0.025072		11194.784623
6800.008062		99.110001		0.024940		11199.634667
6809.942177		99.120003		0.024907		11204.521052
6809.988935		99.110001		0.024968		11209.467279
6819.942092		99.120003		0.024892		11214.318330
6820.000446		99.110001		0.025007		11219.171362
6829.942007		99.089996		0.024954		11224.020435
6839.941922		99.080002		0.024911		11228.888437
6839.988886		99.089996		0.024949		11233.728512
6839.994875		99.080002		0.024980		11238.598509
6839.996449		99.120003		0.025177		11243.451535
6840.000447		99.110001		0.025334		11248.303566
6840.007374		99.120003		0.025166		11253.168561
6849.941838		99.110001		0.025088		11258.031598
6849.994057		99.110001		0.025072		11262.853719
6859.941753		99.110001		0.025018		11267.735089
6860.000448		99.099998		0.025081		11272.564219
6860.002329		99.120003		0.025129		11277.458143
6869.941668		99.089996		0.025057		11282.327120
6869.988838		99.129997		0.025156		11287.151224
6879.941583		99.129997		0.025088		11292.030193
6880.000450		99.129997		0.025165		11296.874242
6880.007417		99.120003		0.025159		11301.731259
6880.008156		99.120003		0.025080		11306.624164
6889.941498		99.099998		0.025002		11311.470237
6899.941413		99.089996		0.024912		11316.347520
6899.988789		99.129997		0.024935		11321.180142
6899.994014		99.120003		0.024945		11326.074060
6899.994830		99.110001		0.024946		11330.928083
6899.996179		99.120003		0.025179		11335.754063
6900.000451		99.129997		0.025283		11340.649974
6909.941328		99.129997		0.025208		11345.644732
6919.941243		99.120003		0.025150		11350.435926
6920.000452		99.089996		0.025142		11355.231110
6920.007460		99.089996		0.025092		11360.087130
6929.941158		99.089996		0.025051		11364.919266
6929.988740		99.089996		0.025094		11369.798261
6929.996403		99.110001		0.024928		11374.605410
6930.002352		99.120003		0.025217		11379.398616
6939.941073		99.110001		0.025125		11384.216747
6940.000454		99.129997		0.025277		11389.069776
6949.940988		99.120003		0.025179		11393.943746
6949.993971		99.099998		0.025135		11398.795776
6959.940904		99.110001		0.025075		11403.631833
6959.988691		99.120003		0.025215		11408.569542
6959.994785		99.120003		0.025506		11413.353748
6960.000455		99.110001		0.025696		11418.176249
6960.007503		99.110001		0.025709		11423.025286
6960.008251		99.110001		0.025505		11427.881923
6969.940819		99.139999		0.025333		11432.684086
6979.940734		99.120003		0.025190		11437.558072
6980.000456		99.120003		0.025258		11442.352257
6989.940649		99.110001		0.025141		11447.157410
6989.988643		99.129997		0.025060		11451.943617
6999.940564		99.120003		0.024976		11456.712909
6999.993927		99.120003		0.024948		11461.510084
6999.996123		99.139999		0.025451		11466.325212
7000.000458		99.150002		0.025529		11471.158293
