(36.363661216619654, 11.630000114440918)
(54.545427873675514, 13.609999656677246)
(67.27273525345042, 15.920000076293945)
(79.09096564442241, 19.520000457763672)
(92.72736804744537, 25.100000381469727)
(102.72734430949262, 32.33000183105469)
(119.09089020795835, 39.0099983215332)
(135.45443610642408, 42.619998931884766)
(150.00009027912836, 46.20000076293945)
(164.54550956391864, 49.08000183105469)
(178.18188302071798, 51.41999816894531)
(192.727423115633, 52.650001525878906)
(200.90914096417575, 52.900001525878906)
(220.90919191962513, 53.150001525878906)
(236.3636582275731, 53.970001220703125)
(249.090965607348, 53.900001525878906)
(264.5455740900063, 54.040000915527344)
(278.1819018245818, 54.38999938964844)
(291.8182295591573, 55.290000915527344)
(304.54551763052564, 55.2400016784668)
(321.8183794500544, 56.130001068115234)
(334.5456868298293, 56.939998626708984)
(349.0909597864554, 58.84000015258789)
(360.9092940575231, 60.40999984741211)
(382.72742034055324, 61.310001373291016)
(396.36374807512874, 62.709999084472656)
(406.3639077419147, 64.44999694824219)
(422.7274802294988, 65.72000122070312)
(433.6363795689347, 67.44999694824219)
(454.5454048693143, 67.88999938964844)
(469.0910599806425, 69.55000305175781)
(480.9090120970081, 70.54000091552734)
(500.00001855370596, 71.79000091552734)
(510.9091244763607, 72.70999908447266)
(522.7274981489225, 73.94999694824219)
(537.2729174337128, 74.47000122070312)
(556.3639265108143, 75.41000366210938)
(571.8180971562009, 76.43000030517578)
(585.4544248907764, 76.91999816894531)
(598.1817322705513, 77.76000213623047)
(608.1817583728206, 78.26000213623047)
(628.1816834322417, 78.91999816894531)
(640.9089908120166, 79.79000091552734)
(654.5452906599354, 80.22000122070312)
(669.9998991425937, 80.8499984741211)
(683.6362268771692, 81.0199966430664)
(697.2726246626393, 82.06999969482422)
(709.9998426831129, 81.94000244140625)
(726.3633885815786, 82.62999725341797)
(742.7269344800444, 82.75)
(757.2723537648347, 83.19999694824219)
(767.2723300268821, 83.66000366210938)
(784.5451474689588, 84.19999694824219)
(800.9086713506134, 84.5)
(811.8177772732681, 84.52999877929688)
(830.9086285382427, 85.08999633789062)
(845.454101526333, 85.08999633789062)
(858.1814150860746, 85.29000091552734)
(869.9996454770466, 85.77999877929688)
(884.5450647618369, 85.88999938964844)
(901.8178822039137, 86.02999877929688)
(917.2724906865719, 85.91000366210938)
(929.0907210775439, 86.37000274658203)
(943.6360979142656, 86.41999816894531)
(956.3632134254913, 86.73999786376953)
(969.9998332541821, 86.7699966430664)
(987.2724540130888, 86.87999725341797)
(1003.6359999115546, 86.94000244140625)
(1016.3633072913294, 87.06999969482422)
(1029.0906146711043, 87.31999969482422)
(1042.7269424056797, 87.45999908447266)
(1055.4542497854545, 87.4800033569336)
(1071.8177956839202, 87.5999984741211)
(1087.2724041665786, 87.69000244140625)
(1099.0906637367946, 87.76000213623047)
(1113.6358868825644, 87.87999725341797)
(1128.1813061673547, 88.04000091552734)
(1142.7270776881346, 88.08999633789062)
(1154.5451993261065, 88.2300033569336)
(1172.7268598513003, 88.16999816894531)
(1188.1814683339587, 88.16999816894531)
(1201.8179355082746, 88.38999938964844)
(1213.6361011279537, 88.52999877929688)
(1229.0907827646245, 88.55999755859375)
(1244.545154872778, 88.55000305175781)
(1259.0905741575684, 88.63999938964844)
(1272.7269018921438, 88.7300033569336)
(1286.363299677614, 88.87000274658203)
(1301.8180946701382, 88.9800033569336)
(1314.545126180746, 88.76000213623047)
(1329.0904881681847, 88.94999694824219)
(1344.5450833683753, 89.02999877929688)
(1358.1815236982204, 89.02999877929688)
(1371.8178146508867, 89.13999938964844)
(1385.454421071562, 89.20999908447266)
(1399.9996128028909, 89.22000122070312)
(1416.3632320320298, 89.1500015258789)
(1430.9086513168202, 89.27999877929688)
(1441.8180073476026, 89.29000091552734)
(1457.272615830261, 89.37999725341797)
(1470.9089435648364, 89.41999816894531)
(1488.1813806956843, 89.33999633789062)
(1501.8179080086377, 89.6500015258789)
(1514.5453575161764, 89.5)
(1529.9998379317865, 89.51000213623047)
(1542.7271453115613, 89.58999633789062)
(1556.3634487148206, 89.51000213623047)
(1569.090752539255, 89.5999984741211)
(1588.1817616163564, 89.72000122070312)
(1604.5452596960438, 89.69999694824219)
(1613.6363944103514, 89.73999786376953)
(1629.999940308817, 89.79000091552734)
(1641.818170699789, 89.80999755859375)
(1660.9091797768906, 89.86000061035156)
(1673.636089743613, 89.94000244140625)
(1689.9998409698524, 89.83999633789062)
(1705.4544494525107, 90.0999984741211)
(1717.2726798434828, 90.04000091552734)
(1729.9999148430165, 90.12999725341797)
(1744.5453341278069, 90.19000244140625)
(1760.9089656045585, 90.13999938964844)
(1774.5452933391339, 90.18000030517578)
(1789.9999478121983, 90.22000122070312)
(1803.6362540465577, 90.30999755859375)
(1815.4544844375298, 90.26000213623047)
(1829.9999037223201, 90.30000305175781)
(1844.545366223196, 90.3499984741211)
(1859.0907622592415, 90.38999938964844)
(1876.3636673854091, 90.41999816894531)
(1889.9999591230476, 90.41999816894531)
(1900.9090650457024, 90.52999877929688)
(1916.3635663507414, 90.51000213623047)
(1934.5452804467254, 90.55000305175781)
(1947.272723858686, 90.51000213623047)
(1959.0909542496581, 90.6500015258789)
(1975.4544740963204, 90.55999755859375)
(1990.9090722285566, 90.52999877929688)
(2005.4544312839496, 90.54000091552734)
(2017.2726616749217, 90.58999633789062)
(2031.818007503703, 90.61000061035156)
(2049.999774160759, 90.66000366210938)
(2062.7271650116477, 90.56999969482422)
(2075.4544723914228, 90.66999816894531)
(2091.817974952377, 90.68000030517578)
(2105.4544492033733, 90.72000122070312)
(2119.0907769379487, 90.70999908447266)
(2133.636066151021, 90.69999694824219)
(2147.2723938855966, 90.72000122070312)
(2159.9997012653716, 90.70999908447266)
(2176.3632471638375, 90.79000091552734)
(2190.908924493029, 90.7699966430664)
(2205.454057104567, 90.75)
(2219.9996019264067, 90.83000183105469)
(2231.817832317379, 90.79000091552734)
(2244.5450225639024, 90.83000183105469)
(2261.817693125051, 90.81999969482422)
(2277.2724460017703, 90.88999938964844)
(2291.8178652865604, 90.8499984741211)
(2305.454193021136, 90.91999816894531)
(2317.2725058907154, 90.88999938964844)
(2330.9085231726194, 90.94000244140625)
(2348.181340614696, 90.91000366210938)
(2360.9084803602486, 90.91999816894531)
(2376.3632541664106, 90.91999816894531)
(2392.7269060643453, 90.95999908447266)
(2405.4542134441203, 90.97000122070312)
(2419.090213295794, 90.9800033569336)
(2431.817520675569, 91.0)
(2445.4542733330663, 91.05000305175781)
(2460.9088818157247, 91.02999877929688)
(2477.2719462313394, 91.05000305175781)
(2490.9082739659148, 91.08000183105469)
(2504.544671751385, 91.05999755859375)
(2517.27197913116, 91.08999633789062)
(2529.9992865109352, 91.12000274658203)
(2544.5447057957253, 91.13999938964844)
(2561.817523237802, 91.13999938964844)
(2576.362942522592, 91.12000274658203)
(2588.1811729135643, 91.16999816894531)
(2603.6356212920373, 91.16000366210938)
(2618.181117095119, 91.11000061035156)
(2631.8175910399573, 91.19000244140625)
(2644.5448984197324, 91.16999816894531)
(2660.908328219042, 91.19000244140625)
(2674.544739177276, 91.19000244140625)
(2689.0902417298253, 91.19000244140625)
(2703.635756239872, 91.19000244140625)
(2716.363063619647, 91.2300033569336)
(2730.908325453317, 91.30000305175781)
(2744.5447937530034, 91.26000213623047)
(2758.181154818292, 91.29000091552734)
(2772.726707304718, 91.22000122070312)
(2788.181315787376, 91.37999725341797)
(2801.8176435219516, 91.38999938964844)
(2812.7267494446064, 91.31999969482422)
(2829.999557073666, 91.33000183105469)
(2843.6358848082414, 91.27999877929688)
(2857.2721955451293, 91.30000305175781)
(2871.8176148299194, 91.3499984741211)
(2886.3630341147095, 91.37000274658203)
(2902.726742628381, 91.37000274658203)
(2915.454050008156, 91.31999969482422)
(2927.272211209665, 91.38999938964844)
(2940.908682802151, 91.4000015258789)
(2959.999691879252, 91.41000366210938)
(2972.7269992590273, 91.3499984741211)
(2989.999649066882, 91.37000274658203)
(3003.636156766972, 91.37999725341797)
(3013.636133029019, 91.44999694824219)
(3030.9086383488225, 91.41999816894531)
(3044.544966083398, 91.44999694824219)
(3059.090704335517, 91.43000030517578)
(3075.4542502339827, 91.44000244140625)
(3090.9088223144154, 91.44999694824219)
(3101.81792823707, 91.51000213623047)
(3116.3634551084106, 91.51000213623047)
(3132.72691351306, 91.47000122070312)
(3146.363374868689, 91.5199966430664)
(3159.9997026032643, 91.55000305175781)
(3175.454184809418, 91.56999969482422)
(3189.9996040942083, 91.54000091552734)
(3204.5449947501475, 91.58000183105469)
(3215.4541006728023, 91.55000305175781)
(3230.9087162708465, 91.55000305175781)
(3247.2722186517003, 91.55999755859375)
(3264.544895411182, 91.55999755859375)
(3275.4541322034147, 91.63999938964844)
(3289.9995282051773, 91.5999984741211)
(3306.363074103643, 91.52999877929688)
(3319.9994018382185, 91.58000183105469)
(3332.7267092179936, 91.58999633789062)
(3347.2723335652254, 91.56999969482422)
(3360.9086612998008, 91.58999633789062)
(3375.4542471169398, 91.58999633789062)
(3389.99947124053, 91.58999633789062)
(3405.4540665007703, 91.62999725341797)
(3419.0902811812593, 91.61000061035156)
(3433.636038641715, 91.5999984741211)
(3446.363178677408, 91.5999984741211)
(3460.9087641617602, 91.63999938964844)
(3475.4541834465504, 91.62999725341797)
(3491.817921669705, 91.66000366210938)
(3505.4542494042803, 91.68000030517578)
(3519.0906471897506, 91.62000274658203)
(3531.8178887964664, 91.63999938964844)
(3544.545279983746, 91.61000061035156)
(3559.999888466404, 91.6500015258789)
(3575.4544969490626, 91.63999938964844)
(3591.8179953421986, 91.6500015258789)
(3604.5453068897914, 91.66000366210938)
(3615.454412812446, 91.62999725341797)
(3630.90904897224, 91.68000030517578)
(3644.545376706815, 91.68000030517578)
(3662.7270398253363, 91.72000122070312)
(3675.454602656185, 91.70999908447266)
(3689.9999903912067, 91.69999694824219)
(3704.5454125969145, 91.72000122070312)
(3718.1818910981847, 91.7300033569336)
(3730.9090668916633, 91.7300033569336)
(3743.63652389218, 91.72000122070312)
(3760.9093413342566, 91.80000305175781)
(3777.272865215911, 91.79000091552734)
(3788.1820668543023, 91.79000091552734)
(3804.5455961746748, 91.76000213623047)
(3816.3637718140058, 91.7699966430664)
(3834.5455384710617, 91.79000091552734)
(3848.181866205637, 91.77999877929688)
(3861.8181939402125, 91.77999877929688)
(3876.3637797573515, 91.80999755859375)
(3890.9091546476366, 91.80999755859375)
(3904.545482382212, 91.80999755859375)
(3917.2728919339897, 91.80999755859375)
(3933.6364378324556, 91.83999633789062)
(3946.3637066708143, 91.80000305175781)
(3960.909068658253, 91.83000183105469)
(3976.3636696209096, 91.86000061035156)
(3990.909187458702, 91.87000274658203)
(4005.454479561639, 91.86000061035156)
(4017.272709952611, 91.8499984741211)
(4032.7272050816846, 91.83999633789062)
(4047.2726243664747, 91.87999725341797)
(4062.7273361223565, 91.83000183105469)
(4075.454573155151, 91.81999969482422)
(4090.000061642402, 91.8499984741211)
(4105.45467012506, 91.83000183105469)
(4119.0909978596355, 91.83999633789062)
(4132.727350084401, 91.8499984741211)
(4145.454657464176, 91.86000061035156)
(4158.181964843951, 91.87999725341797)
(4174.545510742417, 91.86000061035156)
(4190.000119225075, 91.86000061035156)
(4203.63644695965, 91.8499984741211)
(4216.363676485824, 91.87000274658203)
(4229.091079753644, 91.83999633789062)
(4244.545510337768, 91.9000015258789)
(4259.090896438865, 91.9000015258789)
(4276.363824301564, 91.9000015258789)
(4291.818277543834, 91.91000366210938)
(4302.727310390205, 91.87999725341797)
(4316.36374293434, 91.88999938964844)
(4334.545509591396, 91.93000030517578)
(4350.000118074054, 91.93000030517578)
(4361.818356618731, 91.91999816894531)
(4376.363725301747, 91.94999694824219)
(4390.000053036322, 91.93000030517578)
(4409.090993854902, 91.97000122070312)
(4420.909214438871, 91.9800033569336)
(4433.636459245408, 91.94999694824219)
(4449.091067728066, 91.98999786376953)
(4462.727430378237, 91.98999786376953)
(4476.363793248112, 91.9800033569336)
(4493.636359906443, 91.9800033569336)
(4506.3636672862185, 91.98999786376953)
(4520.000192362772, 92.01000213623047)
(4533.636453424516, 91.9800033569336)
(4549.0909557282175, 91.95999908447266)
(4562.727283462793, 92.01000213623047)
(4576.363735088373, 91.98999786376953)
(4590.909197014507, 92.0199966430664)
(4605.4547073360445, 92.0199966430664)
(4619.091110566222, 92.0199966430664)
(4631.818417945997, 92.01000213623047)
(4646.363609864216, 92.0)
(4660.909259359222, 92.0199966430664)
(4676.363753007796, 92.04000091552734)
(4690.909216546851, 92.02999877929688)
(4705.454562948525, 92.02999877929688)
(4717.272865184434, 92.0199966430664)
(4730.909367486647, 91.98999786376953)
(4748.182021906899, 92.01000213623047)
(4762.727365210505, 92.02999877929688)
(4776.363770927219, 91.98999786376953)
(4790.9093103488985, 92.02999877929688)
(4804.545638083474, 92.08999633789062)
(4818.181965818049, 92.02999877929688)
(4831.818293552625, 92.04000091552734)
(4845.4546212872, 92.02999877929688)
(4860.9091034933535, 92.01000213623047)
(4875.4547075039645, 92.0199966430664)
(4888.181909729199, 92.05000305175781)
(4904.5454556276645, 92.06999969482422)
(4919.090874912455, 92.05000305175781)
(4930.909198171198, 92.08000183105469)
(4945.454715089247, 92.08000183105469)
(4962.727188563209, 92.05999755859375)
(4977.272607847999, 92.06999969482422)
(4989.99999954716, 92.06999969482422)
(5002.7275204492935, 92.05000305175781)
(5017.272939734084, 92.05999755859375)
(5032.727256365362, 92.08000183105469)
(5046.363584099938, 92.08999633789062)
(5061.818192582596, 92.08000183105469)
(5074.545497651652, 92.0999984741211)
(5090.908989300907, 92.12000274658203)
(5104.545317035482, 92.11000061035156)
(5119.090997942643, 92.11000061035156)
(5133.636126976211, 92.08000183105469)
(5147.272454710786, 92.0999984741211)
(5160.908782445362, 92.1500015258789)
(5173.636186865157, 92.13999938964844)
(5190.90900722033, 92.12999725341797)
(5205.45442650512, 92.11000061035156)
(5216.363640014325, 92.13999938964844)
(5233.63629566233, 92.1500015258789)
(5246.363538681759, 92.12000274658203)
(5261.818017449341, 92.13999938964844)
(5276.36358410433, 92.1500015258789)
(5290.90900338912, 92.1500015258789)
(5306.363541291958, 92.19999694824219)
(5319.090822809389, 92.13999938964844)
(5331.818085251495, 92.1500015258789)
(5345.45448822241, 92.1500015258789)
(5360.909096705068, 92.19000244140625)
(5375.454515989858, 92.19999694824219)
(5390.908971473042, 92.18000030517578)
(5404.545325930587, 92.19999694824219)
(5417.272600224766, 92.13999938964844)
(5431.818102265898, 92.19999694824219)
(5444.545437763061, 92.16999816894531)
(5459.090746873107, 92.16999816894531)
(5477.2725135301625, 92.19999694824219)
(5490.909031007077, 92.2300033569336)
(5502.727170698607, 92.23999786376953)
(5517.272638234771, 92.23999786376953)
(5530.9090908960225, 92.19999694824219)
(5546.363583030255, 92.20999908447266)
(5560.909048083652, 92.23999786376953)
(5574.545443594819, 92.20999908447266)
(5588.181762869476, 92.26000213623047)
(5605.454440850393, 92.26000213623047)
(5617.272634359691, 92.26000213623047)
(5632.727166370439, 92.23999786376953)
(5648.181774853097, 92.26000213623047)
(5660.90899287357, 92.26000213623047)
(5674.545257569082, 92.2699966430664)
(5690.908899305983, 92.25)
(5705.454478275952, 92.2699966430664)
(5719.0908128576975, 92.27999877929688)
(5732.727184289862, 92.30000305175781)
(5746.363512024437, 92.31999969482422)
(5759.090643265531, 92.26000213623047)
(5777.272604382472, 92.27999877929688)
(5790.908932117048, 92.30000305175781)
(5804.545332953516, 92.30000305175781)
(5819.090752238306, 92.33999633789062)
(5832.727079972881, 92.33999633789062)
(5847.2724738497145, 92.31999969482422)
(5859.999762164616, 92.30999755859375)
(5875.454457588221, 92.31999969482422)
(5889.9997622917135, 92.33000183105469)
(5907.272575567119, 92.30000305175781)
(5919.999882946894, 92.33999633789062)
(5932.727190326669, 92.33000183105469)
(5947.272491769138, 92.33999633789062)
(5959.090789544988, 92.33000183105469)
(5974.545398027646, 92.33999633789062)
(5992.7271308687195, 92.33000183105469)
(6008.1817436373785, 92.3499984741211)
(6019.090690206023, 92.33000183105469)
(6031.818190562354, 92.33999633789062)
(6047.272509688561, 92.36000061035156)
(6062.727348070299, 92.38999938964844)
(6077.272767355089, 92.41000366210938)
(6092.7271233729525, 92.41999816894531)
(6104.545353763924, 92.41000366210938)
(6119.090934346339, 92.4000015258789)
(6135.454340272744, 92.38999938964844)
(6148.181675396129, 92.43000030517578)
(6160.908982775904, 92.37000274658203)
(6177.27252867437, 92.38999938964844)
(6191.8182462518525, 92.4000015258789)
(6205.454573986428, 92.4000015258789)
(6219.090619873014, 92.4000015258789)
(6232.72735842849, 92.37000274658203)
(6247.272687852394, 92.37999725341797)
(6260.909126009606, 92.36000061035156)
(6275.454601404108, 92.37999725341797)
(6289.9999762943935, 92.41000366210938)
(6305.454679693551, 92.4000015258789)
(6317.272910084523, 92.36000061035156)
(6332.727202825666, 92.3499984741211)
(6348.181811308324, 92.3499984741211)
(6360.909118688099, 92.37999725341797)
(6373.636426067874, 92.4000015258789)
(6389.999971966339, 92.37999725341797)
(6406.363517864805, 92.37999725341797)
(6419.091039752265, 92.41999816894531)
(6430.909270143236, 92.38999938964844)
(6444.545597877812, 92.41999816894531)
(6458.181845745075, 92.38999938964844)
(6476.36371585671, 92.41000366210938)
(6491.818313236265, 92.4000015258789)
(6504.545498538847, 92.41000366210938)
(6518.181983186446, 92.38999938964844)
(6530.0002135774175, 92.41000366210938)
(6546.363783658865, 92.41000366210938)
(6560.909101553159, 92.41000366210938)
(6578.181918995237, 92.41000366210938)
(6591.818426722939, 92.41000366210938)
(6604.545734102714, 92.44000244140625)
(6617.273041482489, 92.44999694824219)
(6630.9093692170645, 92.43000030517578)
(6646.363977699722, 92.41999816894531)
(6659.091194732412, 92.44000244140625)
(6676.364012174489, 92.43000030517578)
(6692.727536056144, 92.43000030517578)
(6705.454843435919, 92.41999816894531)
(6718.1821688501395, 92.43000030517578)
(6730.909363396172, 92.44000244140625)
(6748.182131877918, 92.44999694824219)
(6763.636631949327, 92.45999908447266)
(6778.182089065548, 92.44000244140625)
(6791.818485596797, 92.44000244140625)
(6804.545792976572, 92.41999816894531)
(6818.182092824491, 92.43000030517578)
(6832.727480178242, 92.41000366210938)
(6846.363807912818, 92.43000030517578)
(6863.636625354895, 92.45999908447266)
(6877.27295308947, 92.44999694824219)
(6890.909213113788, 92.43000030517578)
(6906.363821596446, 92.43000030517578)
(6920.909310762427, 92.41999816894531)
(6933.636547116492, 92.41999816894531)
(6945.454777507463, 92.41000366210938)
(6960.909279490894, 92.44000244140625)
(6976.363835558491, 92.43000030517578)
(6992.727381456956, 92.41999816894531)
(7006.363839515869, 92.45999908447266)
(7018.1820142509505, 92.4800033569336)
(7034.545560149416, 92.44000244140625)
(7046.3637905403875, 92.44000244140625)
(7060.909230628561, 92.44000244140625)
(7077.272848591415, 92.44999694824219)
(7093.636499181716, 92.44000244140625)
(7106.363658532144, 92.44999694824219)
(7117.272816904602, 92.43000030517578)
(7131.818291326139, 92.45999908447266)
(7146.363718421089, 92.44999694824219)
(7161.818234287864, 92.44999694824219)
(7175.454528361819, 92.44999694824219)
(7191.818191475493, 92.45999908447266)
(7206.363685869764, 92.4800033569336)
(7217.272834824026, 92.4800033569336)
(7231.818251364439, 92.4800033569336)
(7245.454579099014, 92.4800033569336)
(7263.636340139147, 92.4800033569336)
(7278.181759423937, 92.4800033569336)
(7293.636297326776, 92.48999786376953)
(7305.454527717748, 92.47000122070312)
(7317.272852743448, 92.4800033569336)
(7332.727461226106, 92.48999786376953)
(7347.272618916391, 92.48999786376953)
(7359.999926296166, 92.5)
(7376.363428857121, 92.48999786376953)
(7390.908848141911, 92.4800033569336)
(7405.45423879785, 92.4800033569336)
(7418.181659231711, 92.48999786376953)
(7432.726939340555, 92.48999786376953)
(7444.545311992615, 92.48999786376953)
(7462.727078649671, 92.51000213623047)
(7474.545309040643, 92.51000213623047)
(7493.636318117744, 92.5199966430664)
(7507.272577593798, 92.5)
(7519.0908079847695, 92.48999786376953)
(7533.63622726956, 92.48999786376953)
(7547.2726374827425, 92.5)
(7562.7272459654005, 92.52999877929688)
(7576.363447423471, 92.48999786376953)
(7590.909032629607, 92.5)
(7606.363404611101, 92.4800033569336)
(7619.090825904193, 92.5199966430664)
(7633.636130131146, 92.5199966430664)
(7647.272457865722, 92.51000213623047)
(7660.9088556511915, 92.5)
(7676.3632678064505, 92.5)
(7691.818013159136, 92.51000213623047)
(7706.363315685861, 92.48999786376953)
(7718.181546076833, 92.51000213623047)
(7731.817948479856, 92.5199966430664)
(7745.454314209142, 92.5)
(7761.817867709038, 92.48999786376953)
(7776.363286993828, 92.4800033569336)
(7790.908701382309, 92.5199966430664)
(7804.5450291168845, 92.51000213623047)
(7817.272419732215, 92.48999786376953)
(7831.817966399279, 92.48999786376953)
(7845.454294133854, 92.48999786376953)
(7859.090691919324, 92.4800033569336)
(7877.27245857638, 92.5)
(7889.9998478177995, 92.4800033569336)
(7901.818078208771, 92.47000122070312)
(7916.363497493561, 92.48999786376953)
(7929.999907706744, 92.51000213623047)
(7944.545226585852, 92.5)
(7959.090717647473, 92.5)
(7975.454255231061, 92.51000213623047)
(7988.181527588202, 92.51000213623047)
(7999.999975508898, 92.52999877929688)
(8015.454253108248, 92.52999877929688)
(8029.999741559125, 92.51000213623047)
(8044.545244505276, 92.5199966430664)
(8059.999640927511, 92.52999877929688)
(8071.817970025321, 92.5)
(8087.272401771902, 92.5199966430664)
(8101.818049865324, 92.54000091552734)
(8116.363469150114, 92.54000091552734)
(8129.999963417038, 92.52999877929688)
(8143.6362911516135, 92.54000091552734)
(8157.272688937083, 92.54000091552734)
(8171.8180211732915, 92.55000305175781)
(8185.454348907867, 92.55999755859375)
(8201.817984123387, 92.56999969482422)
(8214.545291503162, 92.55999755859375)
(8229.09082653334, 92.54000091552734)
(8241.818133913115, 92.52999877929688)
(8256.363382701806, 92.5199966430664)
(8272.727061951076, 92.54000091552734)
(8287.272499096658, 92.55000305175781)
(8299.99978747112, 92.55000305175781)
(8315.454395953779, 92.52999877929688)
(8328.181703333554, 92.5199966430664)
(8342.727051119835, 92.52999877929688)
(8357.272470404625, 92.52999877929688)
(8374.545169098734, 92.51000213623047)
(8387.27260480378, 92.5)
(8401.817908939975, 92.5199966430664)
(8413.636212031473, 92.5199966430664)
(8427.272378140839, 92.54000091552734)
(8444.545197381975, 92.56999969482422)
(8459.999805864632, 92.5199966430664)
(8473.63605760363, 92.51000213623047)
(8488.181719416347, 92.52999877929688)
(8499.99994980732, 92.52999877929688)
(8515.454357887811, 92.56999969482422)
(8529.999777172601, 92.55999755859375)
(8545.454320837905, 92.52999877929688)
(8559.99976268012, 92.52999877929688)
(8575.454278025536, 92.55999755859375)
(8587.272412036551, 92.54000091552734)
(8603.635957935017, 92.55000305175781)
(8617.272469501562, 92.56999969482422)
(8630.90883581118, 92.56999969482422)
(8645.45425509597, 92.56999969482422)
(8661.817993319124, 92.56999969482422)
(8675.4543210537, 92.55999755859375)
(8688.181628433475, 92.55999755859375)
(8702.727047718265, 92.56999969482422)
(8716.36337545284, 92.56999969482422)
(8731.817857658994, 92.58999633789062)
(8748.181493431739, 92.55999755859375)
(8759.999723822712, 92.5999984741211)
(8773.63594885764, 92.58999633789062)
(8787.272449342758, 92.56999969482422)
(8807.27235125188, 92.55999755859375)
(8818.181502541585, 92.58000183105469)
(8830.908848457419, 92.58999633789062)
(8846.3634160933, 92.61000061035156)
(8859.99959374023, 92.61000061035156)
(8874.545119261353, 92.58000183105469)
(8893.636196035306, 92.58999633789062)
(8906.36323724025, 92.58000183105469)
(8919.999838833703, 92.5999984741211)
(8932.726844467945, 92.58999633789062)
(8946.36329881672, 92.58999633789062)
(8962.726801655575, 92.58999633789062)
(8979.999619064785, 92.58999633789062)
(8992.72692644456, 92.58999633789062)
(9005.454233824335, 92.58000183105469)
(9018.181559238556, 92.58999633789062)
(9030.908833725785, 92.58000183105469)
(9048.181522266334, 92.58000183105469)
(9063.636130748991, 92.58999633789062)
(9078.181545729847, 92.58000183105469)
(9090.908853109622, 92.56999969482422)
(9102.727083500595, 92.56999969482422)
(9119.999717025034, 92.56999969482422)
(9133.636141551624, 92.55000305175781)
(9146.363497451937, 92.55999755859375)
(9162.727043350404, 92.55999755859375)
(9176.363429993624, 92.55999755859375)
(9189.9997577282, 92.58000183105469)
(9205.454355272077, 92.55999755859375)
(9218.181521192268, 92.58999633789062)
(9232.727202528426, 92.5999984741211)
(9247.272621813216, 92.58000183105469)
(9262.727230295874, 92.58999633789062)
(9276.363431753945, 92.58000183105469)
(9289.99995581592, 92.5999984741211)
(9304.54532149452, 92.58999633789062)
(9317.272628874294, 92.62000274658203)
(9335.454289574085, 92.62000274658203)
(9348.181745269147, 92.62999725341797)
(9359.99997566012, 92.61000061035156)
(9375.454584142777, 92.61000061035156)
(9390.909010698826, 92.62000274658203)
(9405.45458934451, 92.58999633789062)
(9419.09092425054, 92.5999984741211)
(9432.727251985116, 92.62000274658203)
(9445.45440181152, 92.61000061035156)
(9460.909141367687, 92.5999984741211)
(9475.454560652477, 92.5999984741211)
(9491.818236156054, 92.5999984741211)
(9505.454695051632, 92.58999633789062)
(9517.272925442605, 92.5999984741211)
(9530.909209169842, 92.5999984741211)
(9545.454527064136, 92.61000061035156)
(9560.909135546794, 92.61000061035156)
(9574.545463281369, 92.5999984741211)
(9590.909009179835, 92.62000274658203)
(9604.545384884275, 92.61000061035156)
(9616.363615275248, 92.62000274658203)
(9630.909034560038, 92.62000274658203)
(9644.545362294613, 92.62000274658203)
(9660.908971160316, 92.62000274658203)
(9675.454390445106, 92.62000274658203)
(9691.81812866826, 92.5999984741211)
(9704.545200385834, 92.61000061035156)
(9716.363430776806, 92.62000274658203)
(9730.909035266353, 92.62000274658203)
(9744.545363000929, 92.62000274658203)
(9761.818005745881, 92.61000061035156)
(9777.27261422854, 92.61000061035156)
(9789.999919297596, 92.61000061035156)
(9803.636220821068, 92.5999984741211)
(9816.363520826635, 92.62000274658203)
(9833.636333248936, 92.62000274658203)
(9847.272678334579, 92.61000061035156)
(9861.81824680065, 92.5999984741211)
(9876.36366608544, 92.61000061035156)
(9889.999902651167, 92.61000061035156)
(9905.454511133825, 92.62000274658203)
(9919.0908388684, 92.61000061035156)
(9931.818146248175, 92.61000061035156)
(9945.454454674344, 92.5999984741211)
(9961.81805131482, 92.62999725341797)
(9975.454379049395, 92.62000274658203)
(9989.99992057059, 92.62000274658203)
(10004.54533985538, 92.62000274658203)
(10017.272470248041, 92.61000061035156)
(10031.818065375426, 92.63999938964844)
(10045.454393110002, 92.62000274658203)
(10059.999764745846, 92.5999984741211)
(10074.545184030636, 92.62000274658203)
(10089.999792513294, 92.62000274658203)
(10103.63612024787, 92.62999725341797)
(10118.18149768139, 92.62000274658203)
(10129.99985240224, 92.62999725341797)
(10141.818082793212, 92.62999725341797)
(10157.272560522768, 92.62999725341797)
(10176.363230616935, 92.62000274658203)
(10189.999753063274, 92.62999725341797)
(10203.636138167292, 92.62000274658203)
(10215.454385857269, 92.61000061035156)
(10228.181660344499, 92.61000061035156)
(10243.636299408983, 92.62000274658203)
(10259.090907891641, 92.62000274658203)
(10274.545516374299, 92.62000274658203)
(10289.090913093374, 92.62000274658203)
(10300.909143484347, 92.62000274658203)
(10314.545365420989, 92.61000061035156)
(10330.000032526346, 92.61000061035156)
(10343.636360260922, 92.5999984741211)
(10358.181948844394, 92.62000274658203)
(10374.545428066647, 92.62000274658203)
(10388.181747245522, 92.62000274658203)
(10402.727341618362, 92.62999725341797)
(10414.545487955593, 92.62999725341797)
(10430.909255170076, 92.62999725341797)
(10444.545582904651, 92.62000274658203)
(10461.818129070056, 92.62000274658203)
(10474.545436449831, 92.63999938964844)
(10489.091136588597, 92.62000274658203)
(10503.636478331879, 92.62000274658203)
(10516.363527648475, 92.61000061035156)
(10532.727073546941, 92.62000274658203)
(10547.272492831731, 92.62999725341797)
(10559.999799066987, 92.62000274658203)
(10575.454626995534, 92.62000274658203)
(10589.090954730109, 92.62000274658203)
(10606.36335065187, 92.62000274658203)
(10618.181915437533, 92.62999725341797)
(10634.545264203585, 92.62999725341797)
(10647.272462828509, 92.62000274658203)
(10660.909203879532, 92.62000274658203)
(10676.36381236219, 92.62000274658203)
(10694.545178186961, 92.62000274658203)
(10707.272485566737, 92.61000061035156)
(10719.09071595771, 92.61000061035156)
(10732.727352543186, 92.62000274658203)
(10746.36341236916, 92.62000274658203)
(10762.726953587027, 92.61000061035156)
(10778.181562069685, 92.62000274658203)
(10793.636170552343, 92.61000061035156)
(10805.454400943316, 92.62000274658203)
(10817.27261747732, 92.62999725341797)
(10832.727225959978, 92.62999725341797)
(10847.272574664948, 92.62999725341797)
(10860.908902399524, 92.62999725341797)
(10877.27244829799, 92.62999725341797)
(10891.81786758278, 92.62000274658203)
(10904.545174962555, 92.62000274658203)
(10917.272500376775, 92.62999725341797)
(10931.817960361399, 92.62000274658203)
(10946.363379646189, 92.61000061035156)
(10960.908761238597, 92.61000061035156)
(10975.454189586919, 92.61000061035156)
(10989.090517321494, 92.61000061035156)
(11004.544999527649, 92.62999725341797)
(11016.36324284154, 92.61000061035156)
(11030.908829040753, 92.62000274658203)
(11046.363397565614, 92.62000274658203)
(11061.817856525933, 92.61000061035156)
(11073.63612308566, 92.62000274658203)
(11089.090731568318, 92.62999725341797)
(11104.545280593604, 92.62999725341797)
(11117.272645120032, 92.62000274658203)
(11132.72725360269, 92.62999725341797)
(11146.363581337266, 92.62999725341797)
(11159.090860830383, 92.62000274658203)
(11174.545469313041, 92.62000274658203)
(11192.727235970096, 92.62000274658203)
(11204.54542650067, 92.62000274658203)
(11217.272593765927, 92.62999725341797)
(11232.727202248585, 92.62999725341797)
(11246.363537020101, 92.62000274658203)
(11260.90901137016, 92.62000274658203)
(11275.45434696083, 92.62000274658203)
(11291.817892859297, 92.62000274658203)
(11304.545425321501, 92.62999725341797)
(11317.272525653292, 92.62999725341797)
(11332.727005035935, 92.62000274658203)
(11347.272424320725, 92.62000274658203)
(11361.817843605515, 92.62000274658203)
(11376.363234261455, 92.62999725341797)
(11392.726780159921, 92.62999725341797)
(11405.454257556856, 92.63999938964844)
(11416.3632941504, 92.62999725341797)
(11431.817902633058, 92.62999725341797)
(11448.181545998856, 92.62999725341797)
(11463.635990492401, 92.62999725341797)
(11477.272355939585, 92.62999725341797)
(11490.908834440856, 92.62999725341797)
(11504.545214538573, 92.62999725341797)
(11517.272521918349, 92.63999938964844)
(11529.999829298124, 92.6500015258789)
(11546.363386464034, 92.6500015258789)
(11561.817947277023, 92.63999938964844)
(11575.454275011598, 92.62999725341797)
(11588.181562233669, 92.63999938964844)
(11601.817882239291, 92.63999938964844)
(11616.363387188236, 92.6500015258789)
(11631.81783942692, 92.62999725341797)
(11645.454367593715, 92.62000274658203)
(11659.090564946964, 92.66000366210938)
(11673.63628114543, 92.62999725341797)
(11687.272608880005, 92.66000366210938)
(11702.727172953762, 92.6500015258789)
(11715.454372344073, 92.6500015258789)
(11730.90898082673, 92.6500015258789)
(11745.454329531702, 92.6500015258789)
(11759.0907961187, 92.63999938964844)
(11772.727240755916, 92.62999725341797)
(11789.090754168605, 92.62999725341797)
(11802.727129490384, 92.63999938964844)
(11816.363454166407, 92.62999725341797)
(11830.908873451197, 92.62999725341797)
(11844.545220689028, 92.63999938964844)
(11857.27248067889, 92.63999938964844)
(11873.636026577356, 92.62999725341797)
(11889.090772088028, 92.63999938964844)
(11903.636167681965, 92.62999725341797)
(11915.454379315723, 92.6500015258789)
(11929.999612853399, 92.62999725341797)
(11942.726995652165, 92.63999938964844)
(11959.090422794128, 92.6500015258789)
(11975.453968692595, 92.63999938964844)
(11990.908577175253, 92.63999938964844)
(12003.635882244309, 92.63999938964844)
(12012.727106372702, 92.62999725341797)
(12029.99992381478, 92.63999938964844)
(12045.453968287948, 92.66000366210938)
(12059.090793375777, 92.66000366210938)
(12075.454339274243, 92.6500015258789)
(12089.090667008819, 92.6500015258789)
(12103.635701223493, 92.6500015258789)
(12115.454274236514, 92.62999725341797)
(12129.09064032425, 92.63999938964844)
(12144.545169321813, 92.63999938964844)
(12159.99982792046, 92.62999725341797)
(12173.63605270527, 92.62999725341797)
(12189.99982327213, 92.62999725341797)
(12203.636151006705, 92.6500015258789)
(12215.45434540074, 92.63999938964844)
(12229.999895722614, 92.62999725341797)
(12246.36340954817, 92.63999938964844)
(12259.999899084685, 92.6500015258789)
(12277.27255854626, 92.63999938964844)
(12289.999865926035, 92.6500015258789)
(12302.727100547356, 92.6500015258789)
(12318.181709030014, 92.62999725341797)
(12331.81803676459, 92.62999725341797)
(12345.454364499165, 92.6500015258789)
(12359.999863971207, 92.6500015258789)
(12373.636191705782, 92.6500015258789)
(12389.09080018844, 92.6500015258789)
(12404.545348670103, 92.6500015258789)
(12416.363579061075, 92.6500015258789)
(12429.999833419273, 92.6500015258789)
(12443.636161153849, 92.6500015258789)
(12459.090867503075, 92.66000366210938)
(12472.72719523765, 92.6500015258789)
(12490.000025011019, 92.6500015258789)
(12504.545313216548, 92.66000366210938)
(12517.27254297838, 92.6500015258789)
(12529.999851338694, 92.66000366210938)
(12542.72715871847, 92.66000366210938)
(12559.090704616936, 92.66000366210938)
(12575.454250515402, 92.66000366210938)
(12590.908924802914, 92.66000366210938)
(12601.818030725568, 92.66000366210938)
(12612.727156763644, 92.66000366210938)
(12628.181765246301, 92.6500015258789)
(12642.727142902206, 92.66000366210938)
(12655.454490766346, 92.66000366210938)
(12673.636339711522, 92.66000366210938)
(12687.272667446097, 92.66000366210938)
(12698.181779208346, 92.6500015258789)
(12713.63627467379, 92.66000366210938)
(12728.18169395858, 92.66000366210938)
(12742.72708461452, 92.66000366210938)
(12756.363412349096, 92.66000366210938)
(12770.908998166235, 92.66000366210938)
(12784.545399308498, 92.66000366210938)
(12800.908966033041, 92.66000366210938)
(12811.818124828542, 92.66000366210938)
(12826.363550189411, 92.66000366210938)
(12842.727282336486, 92.66000366210938)
(12857.272701621276, 92.66000366210938)
(12870.000007856532, 92.66000366210938)
(12886.363553754998, 92.66000366210938)
(12899.999881489573, 92.66000366210938)
(12915.454363695728, 92.66000366210938)
(12928.181671075503, 92.66000366210938)
(12944.545173636458, 92.66000366210938)
(12956.363475872366, 92.66000366210938)
(12972.727193395087, 92.66000366210938)
(12986.363586566064, 92.66000366210938)
(13003.636350903033, 92.66999816894531)
(13017.272678637608, 92.66000366210938)
(13029.09090902858, 92.66999816894531)
(13042.727311431603, 92.66000366210938)
(13059.090902926211, 92.66000366210938)
(13073.63626491365, 92.66000366210938)
(13089.090998434678, 92.66999816894531)
(13105.454382892547, 92.66999816894531)
(13117.272678864989, 92.66999816894531)
(13129.090909255961, 92.66999816894531)
(13143.636286092684, 92.66999816894531)
(13159.999774005242, 92.66999816894531)
(13173.636101739818, 92.66999816894531)
(13192.727042558397, 92.66999816894531)
(13205.454349938173, 92.66999816894531)
(13217.272515691158, 92.66999816894531)
(13230.908843425734, 92.66999816894531)
(13245.454251600504, 92.66999816894531)
(13260.908929642499, 92.66999816894531)
(13276.363538125157, 92.66999816894531)
(13290.908865284895, 92.66999816894531)
(13302.727030664431, 92.66999816894531)
(13318.181590804941, 92.66999816894531)
(13332.72698785206, 92.66999816894531)
(13346.363504356656, 92.66999816894531)
(13360.908923641446, 92.66999816894531)
(13375.454342926236, 92.66999816894531)
(13389.090715439646, 92.66999816894531)
(13402.727048583854, 92.66999816894531)
(13416.36337631843, 92.66999816894531)
(13430.9089914436, 92.66999816894531)
(13445.454410728391, 92.6500015258789)
(13458.181718108166, 92.6500015258789)
(13472.726962594472, 92.6500015258789)
(13488.181675295797, 92.6500015258789)
(13502.727271792113, 92.66999816894531)
(13516.363599526689, 92.68000030517578)
(13529.090906906464, 92.69000244140625)
(13543.636325046735, 92.66999816894531)
(13557.272711703328, 92.66000366210938)
(13570.909050566781, 92.66000366210938)
(13587.272738998076, 92.66000366210938)
(13601.818208074726, 92.66000366210938)
(13614.545517063378, 92.68000030517578)
(13628.181815302421, 92.66999816894531)
(13640.909122682197, 92.66999816894531)
(13657.272668580663, 92.66999816894531)
(13671.818087865453, 92.66999816894531)
(13685.454641698085, 92.66999816894531)
(13700.909023343233, 92.66000366210938)
(13713.6365552498, 92.66000366210938)
(13726.363862629574, 92.66999816894531)
(13740.00019036415, 92.66999816894531)
(13756.363618121315, 92.66999816894531)
(13770.909037406105, 92.66999816894531)
(13785.45480404854, 92.66999816894531)
(13798.181923299693, 92.66999816894531)
(13813.63642348136, 92.66999816894531)
(13827.272751215936, 92.66999816894531)
(13840.000195161232, 92.68000030517578)
(13855.45466476765, 92.68000030517578)
(13870.909319021812, 92.68000030517578)
(13883.636626401587, 92.68000030517578)
(13896.363951815807, 92.66999816894531)
(13911.818539953301, 92.66999816894531)
(13926.363789402358, 92.68000030517578)
(13940.000212677629, 92.68000030517578)
(13952.727520057404, 92.68000030517578)
(13967.272901578997, 92.66999816894531)
(13982.727477245035, 92.68000030517578)
(13997.273018037678, 92.68000030517578)
(14010.909345772254, 92.68000030517578)
(14024.54559837408, 92.68000030517578)
(14040.000230597054, 92.68000030517578)
(14052.727570060855, 92.68000030517578)
(14065.45487744063, 92.68000030517578)
(14080.909485923288, 92.68000030517578)
(14096.364034948574, 92.68000030517578)
(14110.909454233364, 92.68000030517578)
(14122.727682800678, 92.68000030517578)
(14137.27306146106, 92.68000030517578)
(14150.909389195635, 92.68000030517578)
(14168.182206637712, 92.68000030517578)
(14182.727583461714, 92.68000030517578)
(14195.454890841489, 92.68000030517578)
(14210.909499324147, 92.68000030517578)
(14223.636758660889, 92.68000030517578)
(14238.182179283487, 92.69000244140625)
(14250.909407115058, 92.69000244140625)
(14269.09123225969, 92.69000244140625)
(14283.636792967878, 92.69000244140625)
(14298.182301047587, 92.69000244140625)
