39.999913		78.680000		1.432115		12.046264
59.999941		87.209999		0.642626		24.157864
79.999827		88.860001		0.446191		36.245596
89.999918		90.430000		0.353022		48.320890
109.999898		91.190002		0.311346		60.552671
119.999882		92.199997		0.275545		72.652812
149.999790		92.830002		0.253995		84.680947
169.999860		93.349998		0.227859		96.721761
179.999823		94.019997		0.209456		108.779025
209.999767		94.209999		0.196947		120.828240
219.999753		94.919998		0.180334		132.904002
239.999710		95.389999		0.166811		144.966757
259.999666		95.470001		0.156738		157.029510
289.999716		95.919998		0.145959		169.210999
299.999685		96.199997		0.135594		181.473140
319.999659		96.290001		0.128383		193.665586
339.999608		96.559998		0.122313		205.833396
349.999740		96.690002		0.116588		217.913120
379.999521		96.580002		0.117581		229.971939
389.999603		96.910004		0.106313		242.087995
419.999435		97.139999		0.100847		254.207063
439.999414		97.040001		0.101916		266.244377
449.999545		97.180000		0.097675		278.285254
469.999358		97.379997		0.090372		290.392913
489.999338		97.500000		0.086920		302.611190
509.999317		97.550003		0.083992		314.826559
519.999508		97.589996		0.081508		327.005009
539.999392		97.669998		0.081225		339.117627
559.999372		97.690002		0.077847		351.136531
579.999351		97.660004		0.077733		363.268479
589.999471		97.680000		0.073557		375.310866
599.999449		97.879997		0.071998		387.340274
639.999363		97.889999		0.069447		399.396638
659.999302		97.870003		0.071204		411.559190
669.999270		97.959999		0.067901		423.687782
679.999391		98.000000		0.064386		435.873223
709.999356		98.019997		0.063871		448.040701
729.999336		98.070000		0.063070		460.119428
749.999315		98.129997		0.061932		472.169241
759.999333		98.120003		0.059871		484.246003
769.999295		98.190002		0.058603		496.305449
789.999277		98.220001		0.057898		508.370217
819.999221		98.239998		0.057885		520.365293
839.999200		98.220001		0.057638		532.416934
849.999218		98.279999		0.055506		544.518147
859.999180		98.309998		0.054328		556.630768
879.999162		98.320000		0.053681		568.757352
899.999141		98.370003		0.053260		580.818110
909.999163		98.290001		0.053019		592.967619
939.999055		98.290001		0.053183		605.164028
949.999196		98.410004		0.051644		617.114100
979.998968		98.430000		0.050118		629.281809
989.998874		98.449997		0.050779		641.371493
1019.998818		98.540001		0.049603		653.427265
1039.998797		98.470001		0.047954		665.504129
1049.998761		98.500000		0.048135		677.466710
1069.998872		98.540001		0.048671		689.496568
1089.998804		98.540001		0.046951		701.589291
1119.998739		98.589996		0.046471		713.656034
1129.998717		98.570000		0.045726		725.721821
1139.998835		98.559998		0.046285		737.772465
1169.998631		98.589996		0.045015		749.829326
1189.998610		98.650002		0.044640		762.034238
1199.998681		98.629997		0.045046		774.186806
1209.998798		98.589996		0.044146		786.313788
1229.998778		98.570000		0.044506		798.513862
1249.998712		98.639999		0.043207		810.568402
1279.998623		98.570000		0.042973		822.600262
1299.998602		98.709999		0.041744		834.745575
1309.998566		98.680000		0.042057		846.926078
1319.998696		98.550003		0.043029		859.090593
1339.998676		98.680000		0.040611		871.147363
1359.998655		98.669998		0.041364		883.224671
1379.998589		98.699997		0.040346		895.281468
1409.998496		98.680000		0.041269		907.288395
1419.998402		98.739998		0.039636		919.303691
1439.998597		98.849998		0.039265		931.385396
1459.998577		98.760002		0.039585		943.353421
1479.998510		98.779999		0.038993		955.354122
1509.998320		98.820000		0.038485		967.470579
1519.998539		98.760002		0.038488		979.471520
1529.998565		98.750000		0.038505		991.496608
1549.998545		98.750000		0.038727		1003.529325
1579.998488		98.849998		0.037240		1015.580110
1599.998468		98.800003		0.037600		1027.865269
1609.998432		98.720001		0.038781		1040.021605
1619.998447		98.790001		0.038186		1052.142229
1639.998427		98.779999		0.036916		1064.347204
1659.998407		98.860001		0.036154		1076.456832
1679.998389		98.820000		0.036376		1088.532308
1689.998386		98.800003		0.036331		1100.545823
1709.998332		98.809998		0.035720		1112.668880
1739.998276		98.830002		0.035433		1124.675786
1749.998245		98.830002		0.035804		1136.710749
1769.998219		98.790001		0.036408		1148.810927
1789.998159		98.800003		0.035950		1160.924258
1799.998163		98.889999		0.034506		1173.004111
1829.998072		98.820000		0.035466		1185.184633
1849.998052		98.839996		0.034735		1197.273576
1869.997986		98.889999		0.034232		1209.317415
1879.997995		98.849998		0.034012		1221.386685
1899.997975		98.870003		0.034270		1233.407593
1919.997955		98.910004		0.033588		1245.421514
1939.997934		98.919998		0.033665		1257.465335
1959.997914		98.900002		0.033356		1269.576038
1969.997915		98.820000		0.034970		1281.666786
1989.997893		98.870003		0.033549		1293.835272
2009.997873		98.989998		0.032572		1306.020730
2029.997852		98.910004		0.032667		1318.279995
2049.997832		98.879997		0.033574		1330.440867
2059.997928		98.989998		0.032549		1342.498645
2079.997812		98.809998		0.033359		1354.618633
2099.997791		98.900002		0.032839		1366.649501
2109.997982		98.889999		0.032656		1378.797456
2139.997705		98.930000		0.031977		1390.909964
2159.998037		98.930000		0.031928		1402.926039
2169.997943		98.930000		0.031940		1414.998787
2179.997945		98.900002		0.032648		1427.154327
2209.998092		98.970001		0.031998		1439.305882
2229.998071		98.930000		0.031748		1451.528026
2249.997908		98.930000		0.031797		1463.607252
2259.998147		98.930000		0.032042		1475.668219
2279.997875		98.889999		0.032041		1487.732969
2309.997819		98.940002		0.030846		1499.798281
2319.997871		98.980003		0.030860		1511.795224
2339.997762		98.910004		0.031516		1523.852028
2359.997785		98.910004		0.031106		1535.891366
2369.997926		98.930000		0.031153		1547.959738
2389.997834		98.900002		0.031362		1560.091343
2409.997814		98.930000		0.030648		1572.104282
2429.997793		98.970001		0.031070		1584.159526
2449.997703		98.930000		0.031441		1596.270491
2459.997797		98.849998		0.031808		1608.333969
2479.997848		98.959999		0.030765		1620.431630
2499.997828		98.930000		0.030452		1632.420601
2509.997792		98.940002		0.030322		1644.445980
2529.997903		98.970001		0.030345		1656.482318
2539.997809		98.940002		0.030359		1668.530590
2569.997752		99.010002		0.030062		1680.684300
2589.997732		98.970001		0.029856		1692.887269
2599.997757		98.989998		0.029743		1705.093665
2629.997645		98.980003		0.030207		1717.275649
2639.997551		98.949997		0.029735		1729.414887
2669.997495		98.970001		0.030177		1741.430799
2689.997474		98.919998		0.029669		1753.541463
2699.997608		99.010002		0.029513		1765.559354
2719.997550		99.029999		0.028678		1777.613157
2729.997552		99.010002		0.029060		1789.650178
2759.997549		99.019997		0.030385		1801.727744
2769.997571		98.980003		0.029354		1813.796493
2789.997493		99.010002		0.029020		1825.971812
2819.997437		99.059998		0.028715		1838.131380
2829.997343		99.000000		0.030478		1850.207606
2839.997548		98.970001		0.029343		1862.300810
2859.997350		99.010002		0.029378		1874.330650
2889.997294		99.000000		0.029143		1886.368923
2909.997273		98.989998		0.028822		1898.427688
2919.997261		99.050003		0.028407		1910.445562
2939.997292		99.019997		0.029008		1922.488369
2949.997235		99.019997		0.028841		1934.550147
2979.997178		99.080002		0.028294		1946.644815
2999.997158		99.019997		0.028691		1958.672687
3009.997179		98.970001		0.029075		1970.719023
3029.997233		99.019997		0.028541		1982.748936
3039.997222		99.029999		0.028959		1994.903731
3069.997121		99.040001		0.028762		2006.893212
3079.997288		99.110001		0.027862		2019.079661
3109.997175		99.019997		0.028089		2031.288907
3129.997062		99.070000		0.028015		2043.534192
3139.997084		99.059998		0.028506		2055.807412
3159.997063		99.010002		0.027772		2067.857234
3189.997003		99.050003		0.028255		2080.063111
3199.996909		98.989998		0.027706		2092.246121
3209.997047		98.910004		0.029355		2104.434551
3229.997026		99.029999		0.027809		2116.549176
3249.997006		98.970001		0.028273		2128.679304
3269.996940		99.059998		0.027511		2140.741762
3279.997010		98.989998		0.028518		2152.847762
3299.996989		99.040001		0.028619		2164.928471
3309.996947		99.059998		0.027727		2176.970649
3349.996860		99.019997		0.027862		2189.051483
3359.997002		99.050003		0.028124		2201.059434
3369.996908		99.050003		0.028336		2213.141157
3389.996887		99.029999		0.027726		2225.157878
3409.997056		99.029999		0.027946		2237.216662
3429.996849		99.000000		0.027457		2249.263476
3439.996944		99.070000		0.027215		2261.354157
3459.997111		99.040001		0.027129		2273.410945
3479.997091		99.019997		0.027454		2285.554032
3499.996975		99.019997		0.028391		2297.764543
3509.997166		99.040001		0.027898		2309.999100
3529.996918		99.050003		0.026376		2322.169071
3559.996916		99.099998		0.027680		2334.217425
3579.996895		99.089996		0.027070		2346.317081
3589.996859		99.010002		0.027861		2358.364471
3609.996860		99.089996		0.027673		2370.469108
3619.996857		99.050003		0.027415		2382.531878
3649.996801		99.070000		0.027117		2394.585654
3669.996780		99.040001		0.027537		2406.658401
3689.996760		99.000000		0.027633		2418.886748
3699.996778		99.029999		0.027477		2431.089175
3709.996739		99.050003		0.026840		2443.272599
3739.996743		99.099998		0.026821		2455.544031
3759.996723		99.040001		0.027081		2467.584845
3779.996702		99.029999		0.027065		2479.660563
3799.996636		99.059998		0.026357		2491.725373
3809.996646		99.059998		0.027003		2503.748206
3829.996625		99.050003		0.027750		2515.858845
3839.996589		99.059998		0.026688		2527.965500
3879.996503		99.089996		0.026762		2540.062194
3889.996566		99.050003		0.026811		2552.199767
3899.996588		99.029999		0.026847		2564.293427
3919.996416		99.050003		0.026948		2576.437106
3949.996507		99.019997		0.026628		2588.590842
3969.996487		99.080002		0.026647		2600.637166
3979.996451		99.129997		0.026692		2612.804687
4009.996395		99.080002		0.027134		2624.931368
4019.996346		99.040001		0.026813		2636.999163
4039.996338		99.080002		0.026598		2649.061719
4059.996318		99.110001		0.027859		2661.161048
4079.996287		99.089996		0.026166		2673.317680
4099.996231		99.070000		0.026539		2685.438289
4119.996211		99.129997		0.027348		2697.525494
4139.996145		99.070000		0.026952		2709.730904
4149.996154		99.110001		0.026438		2721.891407
4169.996134		99.089996		0.026400		2733.951173
4189.996113		99.050003		0.026613		2746.021009
4209.996108		99.120003		0.026450		2758.082779
4219.996189		99.070000		0.026433		2770.089696
4239.996074		99.050003		0.026696		2782.100644
4259.996054		99.070000		0.026543		2794.208839
4279.995988		99.129997		0.025965		2806.377001
4289.995997		99.080002		0.026216		2818.401857
4319.995901		99.080002		0.026701		2830.651683
4339.995881		99.110001		0.026232		2842.870225
4349.995787		99.029999		0.027255		2855.022265
4359.995960		99.099998		0.026711		2867.122443
4389.995935		99.080002		0.026656		2879.193587
4409.995819		99.080002		0.027112		2891.282948
4429.995728		99.070000		0.026554		2903.385562
4449.995708		99.120003		0.026564		2915.473410
4459.995672		99.040001		0.026945		2927.551964
4489.995616		99.070000		0.026347		2939.675004
4499.995763		99.050003		0.026644		2951.764723
4519.995559		99.120003		0.026235		2963.991243
4539.995676		99.029999		0.026922		2976.220319
4549.995817		99.080002		0.026550		2988.432258
4579.995590		99.050003		0.027987		3000.497534
4599.995501		99.120003		0.026931		3012.582264
4609.995639		99.129997		0.026259		3024.569220
4629.995444		99.080002		0.026306		3036.571150
4659.995694		99.120003		0.026258		3048.619962
4679.995519		99.169998		0.025523		3060.668238
4689.995419		99.099998		0.027528		3072.811630
4709.995749		99.129997		0.026553		3084.866180
4739.995692		99.150002		0.026436		3097.120756
4759.995461		99.080002		0.026534		3109.351076
4769.995636		99.129997		0.025844		3121.547010
4779.995606		99.150002		0.026833		3133.656956
4819.995402		99.129997		0.026590		3145.766127
4829.995424		99.120003		0.026217		3157.863005
4849.995346		99.099998		0.026002		3169.937344
4869.995524		99.110001		0.026529		3182.007719
4879.995479		99.169998		0.026213		3194.072985
4899.995387		99.110001		0.026713		3206.174224
4919.995367		99.160004		0.026521		3218.294922
4939.995346		99.160004		0.026399		3230.430511
4959.995280		99.169998		0.025831		3242.476326
4969.995350		99.110001		0.027199		3254.569837
4989.995401		99.129997		0.026652		3266.677485
5009.995380		99.150002		0.027025		3278.740238
5019.995344		99.099998		0.026738		3290.764570
5039.995456		99.099998		0.026851		3302.849309
5059.995268		99.089996		0.026794		3314.881198
5089.995212		99.120003		0.027265		3326.957608
5099.995286		99.080002		0.026602		3339.091172
5109.995419		99.089996		0.026559		3351.199389
5139.995200		99.160004		0.026522		3363.375849
5149.995341		99.120003		0.027160		3375.600379
5179.995113		99.110001		0.026660		3387.772478
5199.995093		99.129997		0.026573		3399.882811
5209.995282		99.120003		0.026033		3411.976496
5219.995188		99.120003		0.026516		3424.066178
5239.995259		99.160004		0.026625		3436.154862
5259.995337		99.120003		0.026329		3448.407200
5269.995243		99.129997		0.026637		3460.634541
5299.995186		99.139999		0.026242		3472.880947
5319.995118		99.080002		0.026294		3485.068381
5329.995178		99.099998		0.026369		3497.370529
5349.995157		99.129997		0.026355		3509.684615
5369.995137		99.129997		0.026424		3521.921139
5389.995116		99.099998		0.026449		3534.181467
5409.995096		99.150002		0.025931		3546.368921
5419.995096		99.099998		0.026157		3558.463015
5439.995039		99.089996		0.026927		3570.585612
5459.995019		99.120003		0.025830		3582.848861
5479.994999		99.120003		0.026300		3595.049378
5499.994978		99.029999		0.026889		3607.237795
5509.995014		99.099998		0.026877		3619.385358
5519.995026		99.150002		0.026373		3631.578764
5539.995005		99.139999		0.026532		3643.779483
5559.994985		99.129997		0.026946		3655.901079
5579.994919		99.110001		0.026341		3668.118498
5599.994933		99.150002		0.027002		3680.264707
5619.994912		99.129997		0.026217		3692.419231
5629.994973		99.160004		0.026162		3704.510940
5649.994856		99.160004		0.026283		3716.680446
5669.994896		99.150002		0.026399		3728.955683
5689.994851		99.139999		0.026483		3741.130161
5709.994809		99.110001		0.026622		3753.298658
5729.994798		99.110001		0.026979		3765.509211
5739.994906		99.150002		0.026766		3777.940620
5759.994741		99.070000		0.026545		3790.192377
5779.994769		99.099998		0.027145		3802.309733
5799.994655		99.129997		0.026279		3814.480944
5809.994869		99.099998		0.026981		3826.663408
5839.994568		99.110001		0.026275		3838.866778
5849.994709		99.110001		0.026328		3850.999381
5869.994688		99.129997		0.026696		3863.301547
5889.994667		99.120003		0.026788		3875.490991
5899.994764		99.120003		0.026308		3887.772816
5929.994581		99.070000		0.026967		3900.040217
5949.994639		99.129997		0.027684		3912.208232
5959.994630		99.139999		0.027060		3924.378697
5979.994583		99.120003		0.027078		3936.517252
5999.994562		99.099998		0.026845		3948.674142
6019.994496		99.099998		0.026794		3960.805950
6049.994440		99.089996		0.026956		3972.888679
6059.994409		99.139999		0.027596		3984.986352
6069.994551		99.089996		0.026664		3997.420666
6089.994530		99.080002		0.026665		4009.551968
6119.994403		99.160004		0.026557		4021.675130
6129.994492		99.099998		0.026495		4033.795730
6159.994316		99.099998		0.026571		4045.951242
6169.994472		99.080002		0.027595		4058.155647
6189.994366		99.099998		0.027399		4070.246095
6199.994416		99.120003		0.027099		4082.345300
6239.994329		99.099998		0.026965		4094.503733
6249.994414		99.110001		0.026989		4106.687191
6259.994357		99.110001		0.026833		4118.917437
6279.994243		99.150002		0.028105		4131.160291
6309.994186		99.089996		0.027165		4143.412114
6329.994166		99.110001		0.027088		4155.609286
6339.994130		99.110001		0.027358		4167.852579
6359.994241		99.110001		0.027534		4180.173449
6379.994172		99.070000		0.028384		4192.434694
6409.994093		99.099998		0.027846		4204.461766
6419.994072		99.080002		0.027218		4216.490625
6449.994015		99.080002		0.027204		4228.496544
6469.994034		99.059998		0.028167		4240.531420
6479.994056		99.099998		0.027214		4252.701921
6489.994013		99.099998		0.027742		4264.816551
6509.993999		99.110001		0.027299		4276.883306
6529.993979		99.099998		0.027705		4288.966541
6549.993958		99.099998		0.027484		4301.039266
6569.993892		99.129997		0.027520		4313.108532
6589.993920		99.080002		0.027624		4325.235116
6599.994013		99.080002		0.028547		4337.297928
6619.993863		99.139999		0.027054		4349.381033
6649.993807		99.110001		0.027345		4361.487703
6659.993777		99.120003		0.026941		4373.689186
6679.993751		99.070000		0.027950		4385.893545
6699.993730		99.099998		0.027121		4397.998503
6709.993832		99.089996		0.027496		4410.114750
6719.993770		99.110001		0.027109		4422.240376
6739.993775		99.110001		0.027105		4434.427817
6769.993669		99.129997		0.028021		4446.594720
6779.993689		99.080002		0.027833		4458.693393
6789.993733		99.080002		0.027920		4470.829980
6809.993761		99.089996		0.028278		4482.975317
6829.993741		99.110001		0.027870		4495.111117
6849.993720		99.089996		0.027810		4507.254184
6859.993696		99.099998		0.027459		4519.389520
6879.993664		99.089996		0.027551		4531.514635
6909.993608		99.110001		0.027496		4543.549222
6919.993577		99.110001		0.027994		4555.653941
6939.993551		99.089996		0.028109		4567.703421
6959.993491		99.160004		0.027606		4579.766194
6969.993495		99.110001		0.027405		4591.936910
6999.993404		99.139999		0.027454		4603.991047
7019.993384		99.110001		0.027458		4616.054847
