19.999925		38.250000		2.124221		9.408844
29.999972		70.029999		1.858285		18.889498
40.000002		77.940002		1.506316		28.007122
50.000082		83.879997		1.155767		37.148681
59.999927		85.820000		0.927600		46.190507
60.000130		87.349998		0.717358		55.284195
70.000177		88.459999		0.581725		64.725952
79.999988		88.500000		0.496267		74.187656
80.000224		89.459999		0.448163		83.688256
90.000071		90.239998		0.397981		93.276630
99.999914		90.519997		0.377020		102.789190
100.000164		91.089996		0.346844		112.404483
119.999839		91.239998		0.329817		121.684179
120.000097		91.750000		0.304387		131.065099
129.999886		91.970001		0.290673		140.485911
139.999933		92.209999		0.283105		149.809983
149.999981		92.559998		0.268893		159.295623
150.000247		92.860001		0.255617		169.113374
159.999977		93.099998		0.249125		178.766567
169.999888		93.400002		0.239031		188.466633
179.999936		93.510002		0.233280		197.990172
180.000142		93.330002		0.233762		207.362116
189.999983		93.529999		0.221164		216.750016
200.000030		93.769997		0.214466		226.273555
200.000329		94.269997		0.203025		235.697360
210.000077		94.480003		0.196015		245.155093
219.999955		94.650002		0.190743		254.464205
220.000125		94.750000		0.187765		263.751376
239.999881		94.800003		0.185235		273.061485
240.000109		94.900002		0.178569		282.346661
249.999928		95.120003		0.172458		291.773445
250.000411		95.190002		0.166721		301.102504
259.999975		95.330002		0.163983		310.398650
270.000212		95.279999		0.162590		319.861351
279.999900		95.370003		0.158705		329.229306
290.000113		95.320000		0.158621		338.598258
299.999825		95.629997		0.150420		348.025055
300.000160		95.930000		0.146546		357.485761
300.000493		95.959999		0.141775		366.960447
310.000207		96.019997		0.138613		376.451073
320.000097		96.000000		0.136458		386.087310
339.999828		96.089996		0.134206		397.896737
340.000152		96.230003		0.132348		408.203183
350.000576		96.279999		0.129100		418.049857
360.000101		96.290001		0.125573		428.700384
360.000283		96.430000		0.121589		438.306700
370.000097		96.459999		0.119797		448.018734
380.000026		96.529999		0.118602		457.714811
399.999951		96.570000		0.116698		467.959423
400.000086		96.669998		0.113523		477.674448
400.000658		96.750000		0.111971		487.307203
419.999876		96.870003		0.110336		496.840749
420.000251		96.809998		0.109162		506.511893
430.000030		96.860001		0.106433		516.119208
439.999801		96.959999		0.103926		525.485168
450.000354		96.830002		0.104246		534.929917
459.999726		96.910004		0.101922		544.619013
460.000253		97.139999		0.098485		554.487176
479.999652		97.169998		0.097592		564.055594
480.000218		97.160004		0.095913		573.532258
490.000198		97.290001		0.093898		584.080059
500.000245		97.290001		0.092863		593.520818
500.000676		97.230003		0.092661		602.997986
509.999809		97.410004		0.089038		612.481141
520.000142		97.449997		0.088375		621.975757
530.000190		97.449997		0.088192		631.470372
540.000237		97.500000		0.086092		640.759538
540.000678		97.349998		0.086608		650.232212
550.000115		97.410004		0.085104		659.689938
559.999891		97.480003		0.083804		669.166590
569.999938		97.480003		0.083512		678.695116
579.999797		97.570000		0.081791		688.124905
580.000060		97.599998		0.081629		697.574640
590.000107		97.570000		0.080935		707.038339
600.000154		97.550003		0.080296		716.537972
600.000694		97.540001		0.081309		726.012653
610.000004		97.570000		0.080425		735.355674
620.000079		97.610001		0.078427		744.820874
630.000127		97.599998		0.077923		754.370344
639.999949		97.690002		0.076211		763.705386
640.000174		97.720001		0.075021		773.172076
649.999927		97.750000		0.077463		782.733514
660.000087		97.750000		0.073824		792.223183
660.000662		97.750000		0.072446		801.718796
670.000129		97.800003		0.071955		811.167535
680.000587		97.750000		0.070937		820.657061
700.000074		97.790001		0.070435		830.131731
700.000713		97.830002		0.070139		839.568501
710.000131		97.830002		0.070300		849.071112
719.999915		97.839996		0.068650		858.751232
720.000629		97.860001		0.067656		868.069320
729.999915		97.940002		0.067175		877.515067
730.000020		97.940002		0.066884		887.028631
749.999840		97.970001		0.065812		896.532224
759.999887		97.989998		0.065526		906.059751
769.999765		98.040001		0.064819		915.480603
769.999997		98.019997		0.064238		924.935325
780.000597		97.970001		0.065419		934.430938
789.999902		97.970001		0.064940		943.829810
799.999710		98.070000		0.063816		953.233668
800.000731		98.029999		0.063705		962.647517
809.999828		98.070000		0.062756		972.111215
819.999875		98.110001		0.062766		981.473186
820.000091		98.120003		0.061701		990.825182
829.999753		98.160004		0.060464		1000.287884
840.000564		98.169998		0.060897		1009.678777
849.999678		98.199997		0.059916		1019.176385
859.999698		98.190002		0.059898		1028.511932
869.999603		98.139999		0.059320		1037.777163
870.000173		98.120003		0.058824		1047.212935
889.999528		98.199997		0.058662		1056.563935
889.999680		98.220001		0.058211		1065.907953
899.999863		98.230003		0.057516		1075.360681
900.000749		98.180000		0.058740		1084.860283
909.999911		98.239998		0.057625		1094.294062
919.999625		98.260002		0.056863		1103.721857
920.000255		98.250000		0.056392		1113.566536
929.999836		98.320000		0.055577		1123.130965
939.999591		98.349998		0.055087		1132.623587
949.999638		98.360001		0.054914		1142.037418
959.999686		98.360001		0.054578		1151.592871
969.999733		98.330002		0.054401		1161.002749
970.000338		98.389999		0.053984		1170.353749
979.999611		98.330002		0.053799		1179.729682
979.999852		98.360001		0.053519		1189.176425
999.999536		98.389999		0.053072		1198.601228
1009.999556		98.269997		0.053655		1208.118295
1009.999583		98.379997		0.052619		1217.628868
1010.000340		98.400002		0.053199		1227.118497
1019.999631		98.470001		0.052397		1236.542304
1029.999678		98.349998		0.052251		1246.007996
1039.999500		98.300003		0.052694		1255.393902
1039.999725		98.370003		0.052127		1264.683067
1050.000342		98.449997		0.051565		1274.134798
1059.999840		98.349998		0.052565		1283.561613
1069.999445		98.410004		0.051598		1292.936549
1079.999571		98.389999		0.050468		1302.419196
1079.999765		98.400002		0.050070		1311.831034
1090.000344		98.440002		0.049653		1321.268802
1099.999468		98.430000		0.049570		1330.767407
1100.000392		98.389999		0.049547		1340.198194
1109.999574		98.379997		0.050641		1349.623993
1120.000317		98.379997		0.050083		1359.164486
1129.999847		98.430000		0.049279		1368.582308
1130.000364		98.459999		0.049115		1378.107841
1140.000242		98.500000		0.048470		1387.543614
1149.999559		98.470001		0.048848		1397.077126
1159.999606		98.470001		0.048901		1406.678456
1160.000167		98.470001		0.047849		1416.256355
1170.000366		98.459999		0.047820		1425.737020
1180.000092		98.500000		0.047542		1435.164803
1190.000112		98.510002		0.047538		1444.755177
1200.000018		98.510002		0.046544		1454.278715
1209.999592		98.519997		0.046305		1463.741416
1219.999547		98.529999		0.046360		1473.231045
1219.999639		98.529999		0.046057		1482.836365
1220.000057		98.570000		0.045734		1492.335968
1229.999687		98.529999		0.046018		1501.818615
1239.999734		98.510002		0.045903		1511.323205
1249.999781		98.529999		0.046128		1520.740028
1259.999549		98.559998		0.046078		1530.155854
1269.999706		98.589996		0.045336		1539.697345
1279.999754		98.540001		0.045386		1549.248811
1289.999535		98.580002		0.044887		1558.743425
1289.999801		98.559998		0.044116		1568.214609
1290.000088		98.589996		0.044700		1577.776046
1299.999848		98.620003		0.044193		1587.233761
1309.999675		98.550003		0.044966		1596.587753
1309.999896		98.639999		0.043439		1606.011558
1319.999943		98.610001		0.043860		1615.491214
1329.999990		98.589996		0.043326		1624.994806
1339.999851		98.620003		0.042678		1634.565219
1340.000171		98.620003		0.043023		1644.146603
1349.999915		98.610001		0.042873		1653.639224
1359.999523		98.580002		0.043325		1663.019146
1369.999841		98.599998		0.042653		1672.404562
1379.999860		98.599998		0.042527		1681.784991
1380.000159		98.580002		0.042600		1691.297559
1389.999766		98.629997		0.042063		1700.898975
1390.000253		98.629997		0.042235		1710.515266
1400.000300		98.650002		0.042337		1719.915135
1409.999693		98.639999		0.041833		1729.334951
1410.000347		98.620003		0.041923		1738.753769
1420.000395		98.580002		0.042403		1748.256364
1429.999619		98.639999		0.041930		1757.894596
1440.000292		98.680000		0.041151		1767.378242
1449.999544		98.699997		0.040638		1776.926714
1460.000268		98.610001		0.041248		1786.429308
1469.999469		98.620003		0.040956		1795.834164
1470.000230		98.660004		0.041908		1805.331772
1470.000315		98.629997		0.041417		1814.998926
1489.999394		98.660004		0.041221		1824.266150
1499.999606		98.660004		0.041240		1833.730846
1500.000260		98.629997		0.041444		1843.111766
1509.999471		98.669998		0.041828		1852.512632
1509.999712		98.650002		0.041114		1862.325288
1520.000235		98.639999		0.041323		1871.774025
1530.000204		98.730003		0.040599		1881.362391
1549.999473		98.699997		0.040178		1890.988655
1550.000218		98.720001		0.040315		1900.454348
1559.999521		98.800003		0.039194		1909.952953
1560.000301		98.739998		0.039096		1919.359804
1569.999594		98.760002		0.039137		1928.866403
1579.999642		98.779999		0.038902		1938.322123
1589.999476		98.750000		0.039557		1947.719998
1590.000245		98.779999		0.038802		1957.150784
1600.000293		98.779999		0.038760		1966.581571
1609.999730		98.699997		0.040749		1976.110097
1620.000190		98.720001		0.040364		1985.405245
1629.999478		98.730003		0.039465		1994.831044
1630.000238		98.750000		0.039010		2004.246871
1640.000285		98.760002		0.038818		2013.677711
1649.999443		98.779999		0.038469		2023.024721
1650.000332		98.809998		0.037530		2032.476451
1659.999812		98.820000		0.037051		2041.933169
1669.999368		98.820000		0.036987		2051.343011
1679.999416		98.830002		0.037095		2060.728918
1689.999294		98.790001		0.036851		2070.163694
1709.999219		98.790001		0.036933		2079.708176
1709.999748		98.839996		0.036809		2089.216755
1710.000226		98.860001		0.036421		2098.643552
1719.999238		98.849998		0.036002		2108.092292
1719.999418		98.870003		0.035867		2117.566962
1729.999465		98.849998		0.035903		2127.091497
1749.999183		98.800003		0.036303		2136.773629
1749.999883		98.849998		0.036226		2146.310134
1759.999420		98.860001		0.036171		2155.803751
1769.999468		98.889999		0.036428		2165.335774
1769.999808		98.849998		0.036611		2174.887239
1779.999515		98.860001		0.036016		2184.330990
1789.999562		98.900002		0.035845		2193.761776
1790.000214		98.870003		0.035947		2203.265368
1799.999609		98.839996		0.036452		2212.869691
1809.999657		98.790001		0.036424		2222.286515
1810.000139		98.839996		0.035991		2231.603605
1819.999704		98.879997		0.035717		2241.020429
1829.999776		98.879997		0.035161		2250.249754
1839.999602		98.860001		0.034922		2259.524957
1839.999823		98.830002		0.035315		2268.866981
1849.999870		98.820000		0.035483		2278.242914
1859.999550		98.860001		0.035131		2287.642783
1869.999546		98.839996		0.035081		2297.150470
1870.000203		98.870003		0.035002		2306.637107
1879.999594		98.879997		0.034994		2315.911312
1889.999641		98.830002		0.035531		2325.294227
1899.999491		98.800003		0.036381		2334.634255
1899.999688		98.849998		0.035373		2344.076013
1910.000158		98.870003		0.035135		2353.552677
1920.000205		98.849998		0.035374		2362.817906
1929.999436		98.889999		0.034940		2372.213785
1929.999643		98.860001		0.035523		2381.483004
1939.999941		98.879997		0.034924		2390.877886
1949.999988		98.919998		0.034629		2400.149099
1959.999381		98.889999		0.034350		2409.600830
1960.000035		98.889999		0.034328		2418.812203
1969.999913		98.870003		0.033930		2428.093390
1979.999518		98.889999		0.034063		2437.459349
1989.999565		98.889999		0.034094		2446.751506
1999.999613		98.910004		0.034063		2456.118463
2009.999660		98.830002		0.034714		2465.618066
2010.000176		98.800003		0.035245		2475.060820
2019.999538		98.849998		0.034634		2484.360956
2020.000003		98.849998		0.034821		2493.715945
2030.000012		98.779999		0.034787		2503.076918
2039.999369		98.790001		0.035020		2512.430910
2049.999416		98.889999		0.034542		2521.717102
2050.000178		98.860001		0.034111		2530.970364
2069.999342		98.900002		0.033938		2540.331336
2079.999648		98.889999		0.034285		2549.678347
2080.000094		98.940002		0.033483		2558.987459
2089.999267		98.959999		0.032983		2568.395306
2090.000180		98.919998		0.033035		2577.677490
2109.999192		98.930000		0.033088		2586.982613
2119.999212		98.930000		0.033518		2596.380487
2119.999357		98.949997		0.032888		2605.912004
2129.999117		98.940002		0.032722		2615.335809
2130.000176		98.980003		0.032553		2624.738671
2140.000061		98.949997		0.033308		2634.149510
2149.999042		98.949997		0.033000		2643.523449
2149.999636		98.949997		0.032799		2652.849515
2169.998967		98.980003		0.032665		2662.290275
2179.999581		98.959999		0.032824		2671.713083
2180.000258		98.930000		0.032786		2681.083032
2189.999628		98.989998		0.032731		2690.510827
2199.999675		98.949997		0.032270		2699.937624
2209.999525		98.980003		0.032402		2709.336495
2209.999722		99.010002		0.032287		2718.784236
2219.999230		98.790001		0.037962		2728.130250
2219.999770		98.879997		0.034679		2737.646807
2229.999648		98.919998		0.033704		2747.280052
2230.000341		98.919998		0.034094		2757.459836
2240.000388		98.930000		0.033224		2767.743201
2250.000435		98.949997		0.032827		2777.407240
2269.999493		98.970001		0.032500		2787.148892
2270.000333		98.940002		0.032449		2796.810631
2279.999540		98.959999		0.032172		2806.554390
2280.000423		98.919998		0.033180		2816.310583
2289.999758		98.959999		0.032495		2825.861392
2299.999805		99.000000		0.032127		2835.615455
2309.999301		98.930000		0.033070		2845.359697
2310.000335		98.900002		0.033051		2855.018809
2319.999730		98.980003		0.032368		2864.925127
2329.999460		98.970001		0.032125		2874.800148
2339.999245		98.959999		0.031714		2884.583365
2339.999655		99.000000		0.031421		2894.247073
2350.000337		98.949997		0.031526		2903.984398
2359.999746		98.980003		0.031873		2913.722614
2360.000411		99.000000		0.031937		2923.501571
2370.000458		99.000000		0.031662		2933.254310
2380.000506		99.010002		0.031602		2943.296852
2389.999428		98.940002		0.032534		2953.180363
2390.000553		98.940002		0.032260		2963.064646
2400.000403		99.019997		0.031485		2972.820707
2400.000600		98.989998		0.031314		2982.662758
2419.999748		99.000000		0.031666		2992.398642
2429.999734		99.000000		0.031330		3002.116457
2430.000348		98.989998		0.031531		3012.086255
2439.999510		98.930000		0.031351		3021.940204
2440.000400		98.970001		0.031372		3031.777246
2449.999659		98.949997		0.031632		3041.582071
2460.000293		98.970001		0.031207		3051.300431
2470.000340		98.989998		0.031071		3061.075001
2480.000387		98.989998		0.030967		3070.865175
2490.000238		98.989998		0.030763		3080.514374
2490.000435		99.010002		0.030630		3090.323910
2499.999721		99.000000		0.031098		3100.136496
2509.999626		99.029999		0.030801		3109.928003
2519.999673		99.040001		0.030794		3119.694279
2520.000182		98.970001		0.030607		3129.516247
2520.000390		99.000000		0.030695		3139.312598
2539.999599		99.019997		0.030631		3149.058310
2549.999646		99.010002		0.030568		3158.826352
2559.999524		99.029999		0.030382		3168.540037
2560.000392		99.019997		0.030272		3178.442188
2569.999709		98.970001		0.030311		3188.281072
2579.999449		99.010002		0.030117		3198.080231
2589.999496		99.029999		0.030407		3207.992498
2599.999374		99.019997		0.030371		3217.828763
2599.999728		99.019997		0.030135		3227.603451
2600.000394		98.989998		0.030296		3237.297310
2619.999299		99.050003		0.030185		3247.030604
2620.000201		99.029999		0.029837		3256.850425
2629.999677		98.989998		0.030122		3266.714321
2639.999697		99.019997		0.029797		3276.596218
2640.000397		98.980003		0.030048		3286.261395
2650.000145		99.010002		0.029941		3296.036320
2659.999622		99.029999		0.029827		3305.730213
2679.999548		98.989998		0.029772		3315.515337
2680.000383		98.989998		0.031007		3325.239377
2689.999445		99.029999		0.030357		3335.013043
2689.999644		99.029999		0.029919		3344.813656
2699.999692		99.080002		0.029703		3354.416677
2709.999685		99.010002		0.029365		3364.271077
2710.000327		99.050003		0.029212		3374.097528
2720.000219		99.040001		0.029260		3383.691891
2729.999447		99.029999		0.030162		3393.505394
2740.000144		99.050003		0.029808		3403.390985
2749.999612		99.029999		0.029828		3413.149707
2759.999767		99.019997		0.030177		3422.918475
2760.000371		99.040001		0.029628		3432.834362
2769.999815		99.059998		0.029406		3442.542349
2779.999557		99.050003		0.029524		3452.322372
2779.999862		99.019997		0.030569		3462.118546
2789.999909		99.000000		0.030480		3472.017131
2809.999501		99.010002		0.030337		3481.835589
2809.999817		99.019997		0.029985		3491.732466
2809.999850		98.980003		0.029667		3501.596973
2820.000237		99.029999		0.029349		3511.348192
2830.000284		99.059998		0.029174		3521.001454
2840.000332		99.070000		0.028933		3530.642462
2849.999819		99.019997		0.029512		3540.351906
2850.000210		98.989998		0.029255		3550.234437
2859.999932		99.019997		0.029530		3559.973225
2869.999784		98.980003		0.030326		3569.686381
2870.000135		99.000000		0.029832		3579.452107
2880.000182		99.000000		0.029841		3589.358947
2890.000060		98.989998		0.029542		3599.062535
2909.999985		99.019997		0.029365		3608.791167
2910.000127		98.980003		0.030119		3618.511444
2920.000198		99.040001		0.029373		3628.252087
2929.999752		99.029999		0.029741		3637.910963
2929.999910		99.040001		0.029384		3647.544595
2930.000245		99.019997		0.029307		3657.574259
2940.000292		99.070000		0.029276		3667.544503
2950.000339		99.029999		0.028885		3677.314625
2960.000209		99.000000		0.029283		3687.009566
2970.000237		99.010002		0.029045		3696.902611
2970.000265		99.019997		0.028885		3706.713406
2989.999719		99.010002		0.029317		3716.443594
2990.000190		99.019997		0.029366		3726.203629
3000.000182		99.029999		0.029446		3736.057573
3010.000115		99.040001		0.029463		3745.773357
3010.000267		99.040001		0.029397		3755.547266
3020.000314		99.050003		0.028881		3765.279565
3030.000040		99.059998		0.028608		3775.058286
3030.000362		99.050003		0.028536		3784.964576
3049.999687		99.050003		0.028841		3794.740565
3050.000269		99.040001		0.028682		3804.555649
3059.999734		99.040001		0.028740		3814.333385
3060.000306		99.050003		0.028341		3824.188690
3070.000194		99.040001		0.028295		3834.023147
3080.000242		99.040001		0.028454		3843.737404
3090.000120		99.040001		0.028503		3853.449487
3090.000272		99.050003		0.028265		3863.337787
3109.999654		99.029999		0.028459		3873.322395
3119.999702		99.040001		0.028362		3883.002517
3129.999749		99.050003		0.028454		3892.894457
3130.000274		99.059998		0.028441		3902.611761
3130.000324		99.050003		0.028665		3912.417660
3139.999796		99.040001		0.028436		3922.206382
3149.999843		99.029999		0.028541		3931.967653
3159.999721		99.050003		0.028725		3941.668566
3169.999622		99.019997		0.029442		3951.414775
3170.000276		99.010002		0.029748		3961.187476
3179.999669		99.040001		0.029254		3970.999846
3189.999666		99.029999		0.028269		3980.746516
3199.999594		99.050003		0.028146		3990.406562
3209.999642		99.070000		0.028179		4000.307339
3219.999519		99.089996		0.028142		4010.147588
3219.999689		99.080002		0.028083		4019.956889
3229.999736		99.059998		0.028023		4029.708534
3239.999445		99.059998		0.027895		4039.439542
3239.999783		99.050003		0.027518		4049.300452
3249.999634		99.050003		0.027915		4059.273649
3250.000264		99.059998		0.027714		4069.061318
3259.999522		99.089996		0.027847		4078.930360
3279.999447		99.080002		0.027728		4088.602102
3279.999629		99.089996		0.027594		4098.580947
3289.999704		99.059998		0.028042		4109.111730
3299.999372		99.099998		0.027743		4118.875535
3299.999751		99.050003		0.027581		4129.313069
3309.999798		99.029999		0.027892		4139.573156
3319.999845		99.040001		0.028077		4149.307932
3330.000253		99.070000		0.028138		4159.181210
3339.999704		99.099998		0.028665		4168.807235
3339.999753		99.059998		0.028626		4178.523327
3340.000300		99.080002		0.028349		4188.358030
3349.999617		99.059998		0.027872		4198.183968
3350.000347		99.050003		0.028361		4207.873350
3360.000395		99.059998		0.028102		4217.664335
3370.000442		99.070000		0.028033		4227.372843
3380.000320		99.080002		0.027941		4236.942887
3399.999700		99.070000		0.027622		4246.885761
3400.000387		99.080002		0.027773		4256.578258
3410.000241		99.089996		0.027788		4266.193249
3419.999605		99.050003		0.027734		4276.007284
3420.000312		99.050003		0.027594		4285.670110
3429.999775		99.080002		0.027931		4295.529654
3430.000359		99.080002		0.027915		4305.307956
3440.000237		99.059998		0.027549		4315.084440
3449.999782		99.040001		0.027594		4324.946394
3460.000162		99.080002		0.027411		4334.678204
3469.999777		99.080002		0.027523		4344.531737
3479.999573		99.099998		0.027738		4354.281256
3489.999593		99.050003		0.027682		4364.316399
3490.000229		99.059998		0.027526		4374.435049
3499.999864		99.070000		0.027524		4384.602890
3509.999518		99.059998		0.027280		4395.110237
3519.999566		99.099998		0.027293		4405.448441
3529.999444		99.089996		0.027677		4416.173219
3529.999809		99.120003		0.027563		4426.600727
3539.999856		99.059998		0.028134		4436.504369
3549.999369		99.089996		0.028042		4446.091690
3549.999946		99.059998		0.027647		4455.806022
3559.999581		99.040001		0.027723		4465.659797
3559.999994		99.040001		0.027538		4475.475695
3570.000041		99.080002		0.027383		4485.290763
3580.000088		99.089996		0.027677		4495.015078
3589.999966		99.080002		0.027314		4504.781946
3599.999583		99.080002		0.027245		4514.553174
3600.000029		99.059998		0.027696		4524.417349
3609.999891		99.070000		0.027610		4534.572884
3619.999911		99.050003		0.027675		4544.633342
3629.999569		99.050003		0.027996		4554.461376
3639.999586		99.080002		0.027317		4565.092976
3649.999387		99.070000		0.027552		4575.467767
3650.000111		99.040001		0.027674		4585.481542
3659.999511		99.080002		0.027420		4595.675425
3660.000077		99.050003		0.028381		4605.830899
3679.999436		99.059998		0.027615		4616.358973
3680.000056		99.040001		0.027917		4626.909424
3699.999361		99.050003		0.027607		4637.415383
3700.000193		99.099998		0.027588		4647.743368
3709.999982		99.080002		0.027612		4657.432253
3719.999286		99.070000		0.027504		4667.169155
3720.000044		99.070000		0.028092		4676.983292
3730.000091		99.059998		0.027541		4686.990383
3740.000065		99.089996		0.026937		4696.883740
3749.999231		99.059998		0.027100		4707.030611
3750.000275		99.099998		0.026997		4716.678239
3759.999990		99.089996		0.026872		4726.544574
3770.000094		99.099998		0.026810		4736.272369
3779.999176		99.089996		0.027098		4745.989486
3780.000012		99.099998		0.027138		4756.016059
3799.999937		99.099998		0.026938		4765.872510
3800.000358		99.059998		0.027282		4775.511288
3809.999984		99.099998		0.026844		4785.238052
3819.999862		99.110001		0.026645		4795.017264
3820.000053		99.089996		0.026836		4804.716157
3839.999787		99.110001		0.026724		4815.697486
3839.999979		99.080002		0.027258		4826.053045
3849.999834		99.029999		0.027146		4836.864512
3850.000440		99.089996		0.027003		4847.639514
3859.999864		99.099998		0.026975		4857.569277
3869.999924		99.099998		0.027060		4867.334863
3879.999971		99.099998		0.027058		4876.974506
3890.000428		99.099998		0.027055		4886.775968
3899.999869		99.070000		0.026588		4896.617944
3899.999946		99.080002		0.026479		4906.348280
3900.000476		99.070000		0.026661		4916.219528
3910.000523		99.099998		0.026878		4926.008021
3919.999872		99.099998		0.026643		4935.884957
3929.999813		99.110001		0.026683		4945.715551
3939.999861		99.110001		0.026552		4955.969138
3949.999908		99.080002		0.026718		4965.765946
3959.999758		99.080002		0.027210		4975.364284
3959.999914		99.080002		0.026966		4984.852916
3960.000605		99.089996		0.027051		4994.430311
3979.999839		99.070000		0.026784		5004.045604
3980.000499		99.040001		0.028925		5013.683836
3989.999860		99.070000		0.027443		5023.254249
3989.999910		99.089996		0.026952		5032.812693
3999.999958		99.099998		0.026876		5042.397069
4010.000687		99.110001		0.026581		5051.919626
4019.999881		99.080002		0.027039		5061.505000
4020.000735		99.089996		0.026759		5070.998618
4030.000782		99.099998		0.026714		5080.627874
4040.000829		99.089996		0.026533		5090.402740
4050.000877		99.120003		0.026776		5100.084855
4059.999847		99.040001		0.028373		5109.838778
4060.000754		99.000000		0.028062		5119.441116
4060.000924		99.040001		0.027364		5129.064377
4070.000784		99.050003		0.026701		5138.788380
4079.999849		99.059998		0.026712		5148.518367
4080.000821		99.089996		0.026789		5158.661249
4100.000747		99.099998		0.026704		5168.950248
4110.000787		99.080002		0.026894		5179.302571
4110.001006		99.089996		0.026609		5189.220056
4120.001053		99.099998		0.026552		5198.772517
4130.001101		99.059998		0.026679		5208.568328
4140.000731		99.129997		0.026998		5219.175968
4140.000979		99.110001		0.026577		5228.843122
4150.000789		99.129997		0.026427		5238.380624
4160.000836		99.070000		0.026711		5247.889202
4160.000904		99.110001		0.026590		5257.371850
4170.000676		99.080002		0.026133		5267.001106
4180.000829		99.099998		0.026309		5276.562543
4190.000876		99.110001		0.026278		5286.138940
4200.000699		99.110001		0.026645		5295.733289
4200.000923		99.120003		0.026472		5305.257825
4210.000971		99.120003		0.026489		5314.883092
4220.000849		99.110001		0.026299		5324.449516
4220.001018		99.099998		0.026389		5333.935155
4230.000878		99.080002		0.026459		5343.387883
4240.000774		99.070000		0.026496		5352.811688
4250.000974		99.059998		0.026733		5362.232502
4260.000699		99.070000		0.026786		5371.645336
4260.000854		99.080002		0.027280		5381.080112
4270.000881		99.129997		0.026877		5390.440087
4280.000624		99.110001		0.027341		5399.820009
4280.000959		99.120003		0.027179		5409.248801
4290.001006		99.089996		0.027002		5418.873071
4300.001006		99.110001		0.027220		5428.394614
4310.000883		99.089996		0.027132		5437.835374
4320.000930		99.099998		0.027173		5447.436705
4320.000951		99.139999		0.026500		5457.215072
4330.000978		99.129997		0.026190		5466.738610
4340.001025		99.099998		0.026083		5476.228240
4350.000885		99.120003		0.026183		5485.757762
4350.000947		99.120003		0.026360		5495.431898
4360.000873		99.089996		0.026256		5505.090076
4370.000920		99.099998		0.026167		5514.423124
4380.000898		99.099998		0.026633		5524.015479
4380.000995		99.059998		0.026535		5533.403380
4390.000845		99.120003		0.026127		5542.762358
4390.001042		99.080002		0.026252		5552.180180
4410.000770		99.129997		0.026330		5561.569078
4420.000818		99.110001		0.026350		5570.962963
4430.000695		99.139999		0.026554		5580.305984
4430.001044		99.110001		0.026646		5589.679923
4440.000927		99.089996		0.026441		5599.172544
4440.001092		99.050003		0.026329		5608.594355
4450.000762		99.099998		0.026458		5618.169754
4460.000891		99.110001		0.026370		5627.605527
4470.000688		99.129997		0.026219		5636.965503
4470.001047		99.110001		0.026225		5646.355905
4480.001094		99.099998		0.026426		5655.831571
4490.001010		99.139999		0.026312		5665.302251
4500.000683		99.120003		0.026589		5674.753981
4510.000731		99.110001		0.026584		5684.324394
4510.001039		99.110001		0.026449		5693.856909
4520.000778		99.120003		0.026704		5703.327589
4530.000964		99.120003		0.026519		5712.716487
4540.000983		99.099998		0.026669		5722.122340
4540.001092		99.099998		0.026599		5731.497276
4550.000889		99.099998		0.026535		5740.840297
4560.000780		99.089996		0.026341		5750.423675
4570.000671		99.129997		0.025977		5759.890367
4570.000814		99.120003		0.026363		5769.370022
4570.000928		99.139999		0.026329		5778.753933
4590.000739		99.150002		0.026390		5788.329334
4600.000783		99.080002		0.026726		5797.831928
4600.000873		99.120003		0.026635		5807.258725
4610.000920		99.110001		0.026677		5816.704472
4630.000782		99.099998		0.026811		5826.159194
4630.000846		99.120003		0.026626		5835.519170
4630.001054		99.010002		0.028274		5844.942975
4640.000785		99.019997		0.027592		5854.392711
4650.000771		99.050003		0.026900		5863.871370
4660.000790		99.129997		0.026339		5873.299165
4670.000690		99.080002		0.026344		5882.698036
4680.000737		99.080002		0.026404		5892.293384
4690.000735		99.099998		0.026466		5901.747108
4690.000784		99.099998		0.026729		5911.307548
4700.000831		99.080002		0.026672		5920.873971
4710.000873		99.129997		0.026676		5930.326699
4710.001043		99.129997		0.026081		5939.758483
4720.000757		99.139999		0.025949		5949.322912
4720.001125		99.099998		0.026183		5958.690866
4730.001172		99.110001		0.026626		5968.526571
4740.001220		99.099998		0.026315		5978.338338
4750.000752		99.089996		0.026320		5988.229894
4760.000955		99.089996		0.026071		5997.731490
4770.000708		99.129997		0.026156		6007.201679
4770.001175		99.110001		0.026390		6016.671366
4780.000860		99.089996		0.026215		6026.044302
4790.000633		99.099998		0.026300		6035.415179
4800.000680		99.110001		0.026374		6044.763187
4810.000719		99.089996		0.026487		6054.108202
4810.000805		99.099998		0.026619		6063.571902
4810.001177		99.129997		0.026405		6072.983738
4820.000853		99.089996		0.026552		6082.410534
4830.000900		99.139999		0.026246		6091.877225
4840.000947		99.089996		0.026455		6101.154422
4850.000848		99.129997		0.026326		6110.516393
4850.001179		99.129997		0.026223		6119.923243
4860.001259		99.150002		0.026270		6129.149576
4870.000726		99.040001		0.028090		6138.522517
4870.000892		99.110001		0.027211		6147.994194
4880.000669		99.089996		0.027016		6157.400047
4890.000817		99.089996		0.026692		6166.834823
4900.000837		99.099998		0.026704		6176.244665
4910.000742		99.080002		0.026493		6185.753244
4910.001341		99.089996		0.025782		6194.059039
4920.000836		99.070000		0.025627		6201.567962
4930.000694		99.120003		0.025887		6209.059933
4930.000884		99.110001		0.026426		6216.502037
4940.000931		99.099998		0.025919		6223.921200
4950.000978		99.129997		0.025935		6231.454061
4960.000828		99.110001		0.026010		6238.856271
4960.001424		99.110001		0.025837		6246.366699
4970.000903		99.120003		0.025490		6253.827751
4980.000933		99.110001		0.025574		6261.302767
4990.000773		99.129997		0.025890		6268.662091
4990.000829		99.110001		0.025950		6276.087239
5000.001412		99.139999		0.025830		6283.520367
