9.999986		10.270000		2.298464		5.309297
19.999908		14.390000		2.285035		10.444810
19.999973		18.370001		2.293298		15.573323
29.999959		25.740000		2.307856		20.816413
30.000022		34.880001		2.323362		26.016312
39.999816		37.230000		2.357194		31.271114
39.999945		38.630001		2.392323		36.426996
39.999985		41.549999		2.450443		41.619853
49.999932		42.450001		2.505052		46.785316
49.999975		43.509998		2.589846		52.034809
59.999724		44.070000		2.673894		57.315690
59.999918		44.580002		2.743893		62.482270
59.999922		44.759998		2.459601		67.566587
60.000043		44.520000		2.568713		72.729162
69.999904		44.880001		2.649169		77.921242
69.999965		44.919998		2.317178		82.924292
79.999632		45.259998		2.423209		87.985259
79.999891		45.650002		2.514487		93.114385
79.999970		46.000000		2.653062		98.330195
80.000016		45.820000		2.254726		103.442191
89.999877		46.029999		2.362147		108.540294
90.000051		45.919998		1.971426		113.548662
90.000065		46.209999		2.120110		118.645656
99.999540		46.480000		2.261228		123.784038
99.999863		46.509998		2.376069		128.871676
99.999949		46.790001		2.528871		133.909211
100.000056		46.599998		2.035408		138.947284
109.999850		46.779999		2.159363		144.093413
119.999448		46.799999		2.302685		149.254254
119.999836		46.919998		2.416589		154.450173
119.999845		46.759998		1.873109		159.587632
119.999955		46.830002		2.055884		164.701169
120.000087		46.919998		2.220805		169.843207
129.999822		46.919998		2.332355		175.007199
139.999356		47.060001		2.467877		180.213126
139.999809		47.200001		2.569154		185.352986
139.999930		47.000000		1.911746		190.421139
149.999795		47.029999		2.030581		195.568188
149.999924		47.110001		2.191087		200.714165
150.000108		47.220001		2.345498		205.859179
159.999264		47.310001		2.465954		210.971566
159.999781		47.340000		2.553646		216.089137
159.999940		47.500000		2.701024		221.272351
160.000032		47.400002		1.951943		226.358144
169.999768		47.450001		2.060934		231.536155
179.999172		47.520000		2.191837		236.674114
179.999754		47.590000		2.294499		241.880134
179.999767		48.320000		1.644701		246.984398
180.000102		56.029999		1.072930		252.054036
180.000130		52.230000		1.234494		257.204588
189.999741		50.490002		1.362768		262.403139
199.999080		49.610001		1.517824		267.543076
199.999727		49.020000		1.636707		272.773245
199.999898		48.439999		1.801068		277.952075
199.999925		48.169998		1.962115		283.116120
200.000112		53.639999		1.223791		288.210045
209.999713		52.090000		1.335365		293.390084
209.999895		63.299999		0.880570		298.476115
210.000151		58.570000		1.024613		303.647991
219.998988		55.369999		1.160074		308.852036
219.999700		53.259998		1.275482		314.018724
229.999686		51.939999		1.387484		319.151034
239.998896		50.759998		1.517728		324.341995
239.999672		50.150002		1.624756		329.523596
239.999690		58.389999		1.088574		334.617001
239.999910		55.110001		1.243838		339.771994
240.000048		68.470001		0.780210		344.837888
240.000173		64.169998		0.901428		349.981311
249.999659		61.270000		1.001512		355.145088
249.999873		57.790001		1.148552		360.314981
259.998804		55.439999		1.274065		365.502507
259.999645		54.130001		1.372655		370.704972
269.999631		53.009998		1.465363		375.843082
270.000153		64.620003		0.886234		380.964309
270.000195		61.389999		1.013989		386.133746
279.998712		58.950001		1.131074		391.314051
279.999618		57.310001		1.221854		396.515004
279.999860		67.910004		0.781181		401.590973
279.999895		64.209999		0.914484		406.767182
289.999604		62.049999		1.006821		411.903959
299.998620		59.400002		1.121786		417.042250
299.999590		58.040001		1.212889		422.222947
299.999612		66.930000		0.797378		427.310959
299.999847		64.139999		0.934563		432.539937
300.000168		79.550003		0.534535		437.611947
300.000216		74.040001		0.623259		442.816788
309.999577		70.779999		0.701302		447.977953
319.998528		67.400002		0.801798		453.132889
319.999563		65.279999		0.885693		458.331437
319.999880		62.099998		1.019291		463.458824
320.000065		73.730003		0.626148		468.561117
329.999549		70.339996		0.702978		473.777888
330.000238		66.690002		0.811230		478.940291
339.998436		64.139999		0.917627		484.125950
339.999536		62.549999		0.999099		489.286903
349.999522		60.880001		1.077134		494.463907
349.999822		58.279999		1.217887		499.579956
349.999825		69.070000		0.747867		504.639912
359.998344		66.239998		0.849283		509.806772
359.999508		64.419998		0.928529		515.006807
359.999534		75.610001		0.599888		520.077697
359.999865		70.459999		0.712607		525.219772
360.000203		85.070000		0.436970		530.307828
360.000260		80.220001		0.508823		535.393747
369.999495		76.690002		0.574364		540.529697
379.998252		72.680000		0.666604		545.643775
379.999481		70.239998		0.736353		550.784137
389.999467		67.970001		0.811785		555.970784
390.000281		65.730003		0.904252		561.090748
399.998160		63.660000		0.996965		566.221758
399.999454		62.700001		1.064495		571.402785
399.999796		60.480000		1.170709		576.541796
399.999850		58.700001		1.282931		581.710333
400.000081		69.949997		0.765712		586.834561
400.000224		84.129997		0.435156		591.924709
409.999440		80.989998		0.487681		597.044697
419.998068		77.089996		0.562433		602.218721
419.999426		74.470001		0.627832		607.412686
419.999457		85.320000		0.419395		612.490727
419.999789		90.260002		0.334400		617.615697
420.000303		88.239998		0.372193		622.725727
429.999413		85.500000		0.414366		627.892838
439.997976		81.750000		0.480852		633.021699
439.999399		78.610001		0.539299		638.159719
439.999835		74.370003		0.636433		643.313681
449.999385		72.239998		0.699258		648.451673
449.999771		68.889999		0.808092		653.615700
450.000254		83.519997		0.457512		658.702603
450.000325		79.599998		0.532985		663.882739
459.997884		76.139999		0.606835		669.205620
459.999372		73.570000		0.665319		674.347784
469.999358		71.330002		0.729350		679.767358
479.997792		68.879997		0.809924		684.954656
479.999344		67.430000		0.867976		690.115082
479.999379		78.769997		0.547191		695.184535
479.999820		74.610001		0.642040		700.307622
480.000097		86.879997		0.383299		705.403296
480.000346		83.599998		0.449548		710.561601
489.999331		80.669998		0.504325		715.663713
489.999754		89.440002		0.331619		720.764688
499.997700		86.809998		0.380444		725.923464
499.999317		84.459999		0.428493		731.073591
499.999745		79.989998		0.515099		736.192590
500.000280		90.550003		0.306803		741.257074
509.999303		88.790001		0.339286		746.401152
510.000368		85.680000		0.396319		751.566908
519.997608		82.480003		0.458457		756.720618
519.999290		80.169998		0.509977		761.880335
519.999805		76.650002		0.589212		767.010091
529.999276		74.910004		0.642640		772.168519
539.997516		72.379997		0.712541		777.320721
539.999263		70.750000		0.766390		782.495219
539.999302		81.610001		0.476411		787.534090
540.000305		89.540001		0.322328		792.587009
540.000389		86.709999		0.375673		797.773120
549.999249		84.349998		0.420565		802.894049
549.999720		79.910004		0.514796		808.065007
559.997424		77.139999		0.584231		813.230335
559.999235		75.099998		0.636466		818.358992
559.999719		86.330002		0.382687		823.424490
559.999790		82.389999		0.458270		828.640406
560.000113		90.459999		0.294826		833.746474
569.999222		88.760002		0.329440		838.945012
570.000411		85.930000		0.387231		844.083255
579.997332		82.879997		0.446072		849.204446
579.999208		80.750000		0.495064		854.348920
589.999194		78.709999		0.545042		859.554359
599.997240		76.360001		0.611715		864.740369
599.999181		74.559998		0.659782		869.899364
599.999224		84.769997		0.409367		874.994351
599.999694		80.980003		0.489841		880.152439
599.999775		77.680000		0.574939		885.331445
600.000336		88.870003		0.336595		890.408396
600.000433		86.540001		0.386954		895.573457
609.999167		84.699997		0.429366		900.775402
619.997148		82.150002		0.486961		905.946843
619.999153		80.199997		0.530853		911.101753
629.999140		78.230003		0.576748		916.242336
629.999684		87.919998		0.350136		921.326232
630.000356		92.309998		0.254809		926.368645
630.000454		90.540001		0.287847		931.532361
639.997056		88.629997		0.331347		936.680554
639.999126		86.760002		0.370112		941.820384
639.999760		83.669998		0.440572		946.997692
640.000129		91.279999		0.266391		952.020371
649.999112		89.970001		0.297162		957.139341
649.999669		87.150002		0.356687		962.269352
659.996964		84.769997		0.411063		967.408486
659.999099		82.610001		0.454605		972.575337
659.999147		89.699997		0.298345		977.639484
660.000476		87.339996		0.349594		982.824200
669.999085		85.800003		0.387606		987.994273
679.996872		83.040001		0.445428		993.157412
679.999071		80.930000		0.490783		998.285317
679.999746		78.180000		0.567357		1003.407331
689.999058		76.599998		0.611909		1008.576282
690.000498		74.300003		0.681644		1013.720345
699.996780		72.570000		0.740684		1018.891270
699.999044		71.620003		0.778744		1024.041249
699.999643		69.220001		0.870543		1029.211326
699.999649		80.830002		0.496747		1034.284220
700.000392		91.209999		0.264201		1039.419407
709.999030		89.760002		0.294660		1044.558249
719.996688		87.750000		0.340182		1049.709290
719.999017		86.260002		0.374962		1054.862222
719.999069		91.459999		0.257353		1059.955870
719.999731		88.970001		0.307277		1065.102059
720.000145		93.660004		0.215042		1070.199358
720.000407		94.410004		0.201012		1075.257324
720.000519		94.230003		0.202696		1080.420258
729.999003		93.370003		0.217037		1085.593360
739.996596		91.889999		0.247042		1090.754232
739.998989		90.309998		0.278164		1095.926218
749.998976		88.610001		0.312132		1101.134379
749.999618		86.110001		0.372956		1106.312223
750.000541		84.190002		0.423746		1111.427452
759.996504		81.680000		0.477121		1116.538196
759.998962		80.129997		0.516480		1121.669194
759.999716		77.449997		0.590810		1126.804285
769.998948		75.910004		0.629911		1131.940274
769.999614		86.989998		0.353718		1136.991287
779.996412		85.099998		0.403797		1142.119197
779.998935		83.419998		0.441649		1147.270234
779.998991		90.379997		0.279546		1152.380377
780.000563		88.639999		0.324746		1157.494217
789.998921		87.330002		0.359331		1162.676134
799.996320		85.279999		0.408202		1167.856917
799.998907		83.519997		0.446885		1173.000882
799.999592		80.160004		0.525798		1178.101150
799.999701		77.470001		0.597090		1183.256197
800.000161		88.349998		0.329618		1188.286080
800.000448		93.180000		0.217894		1193.377264
809.998894		91.989998		0.240726		1198.529135
810.000458		94.470001		0.188939		1203.605607
810.000584		93.669998		0.206092		1208.731618
819.996228		92.279999		0.232494		1213.905631
819.998880		91.070000		0.258887		1219.071613
829.998866		89.800003		0.288023		1224.230613
839.996136		88.110001		0.330277		1229.395425
839.998853		86.669998		0.364609		1234.564522
839.998914		91.839996		0.241255		1239.658127
839.999579		94.500000		0.185359		1244.722088
839.999686		93.430000		0.210442		1249.909056
840.000606		91.699997		0.243458		1255.083038
849.998839		90.480003		0.271818		1260.205575
849.999567		88.230003		0.326284		1265.363985
859.996044		86.279999		0.372626		1270.509971
859.998825		84.889999		0.408027		1275.690952
869.998812		83.489998		0.442740		1280.866578
870.000627		81.349998		0.495211		1286.093984
879.995952		79.419998		0.545612		1291.241951
879.998798		78.279999		0.578374		1296.363951
879.999671		76.290001		0.639872		1301.511496
880.000178		87.650002		0.339483		1306.573032
889.998785		86.199997		0.374397		1311.715936
899.995860		84.440002		0.420539		1316.881123
899.998771		83.180000		0.453160		1322.064900
899.998836		90.019997		0.275946		1327.138968
899.999541		87.940002		0.330192		1332.261084
900.000504		93.900002		0.194988		1337.389034
900.000508		95.180000		0.169167		1342.452919
900.000649		94.690002		0.177701		1347.644883
909.998757		94.000000		0.191909		1352.820950
909.999544		95.379997		0.164921		1357.897895
919.995768		94.790001		0.174202		1363.082945
919.998744		94.059998		0.188905		1368.203007
919.999656		92.470001		0.221729		1373.317623
929.998730		91.519997		0.246556		1378.503946
930.000671		89.550003		0.287924		1383.675840
939.995676		87.970001		0.330187		1388.762819
939.998716		86.639999		0.361305		1393.937968
949.998703		85.199997		0.394203		1399.110951
949.999516		82.540001		0.460691		1404.300771
959.995584		80.980003		0.503581		1409.422817
959.998689		80.000000		0.536506		1414.554861
959.998759		88.320000		0.317130		1419.603942
959.999641		86.129997		0.373413		1424.788924
960.000194		92.430000		0.220568		1429.872923
960.000692		90.750000		0.258997		1435.052071
969.998675		89.419998		0.288032		1440.210031
979.995492		87.610001		0.330777		1445.346276
979.998662		86.480003		0.360998		1450.511809
979.999509		92.470001		0.219225		1455.566797
989.998648		91.470001		0.244342		1460.747813
990.000559		94.730003		0.168914		1465.881839
990.000714		93.620003		0.193182		1471.097860
999.995400		92.379997		0.222681		1476.254915
999.998634		91.050003		0.248914		1481.376801
999.999490		88.739998		0.301432		1486.520760
999.999626		86.449997		0.355964		1491.680795
1000.000560		92.970001		0.207960		1496.760807
1009.998621		91.800003		0.231446		1501.925097
1019.995308		90.339996		0.265934		1507.039827
1019.998607		89.150002		0.293720		1512.219839
1019.998681		93.559998		0.195776		1517.289819
1020.000736		91.820000		0.229501		1522.456788
1029.998593		90.720001		0.255762		1527.635666
1039.995216		89.029999		0.293845		1532.831795
1039.998580		87.870003		0.321613		1537.962888
1039.999611		85.629997		0.375937		1543.094779
1040.000210		92.230003		0.219986		1548.155746
1049.998566		91.029999		0.244725		1553.282775
1049.999465		88.959999		0.296111		1558.455860
1049.999474		93.470001		0.193323		1563.501163
1050.000757		91.919998		0.224688		1568.624077
1059.995124		90.599998		0.257304		1573.769741
1059.998552		89.559998		0.282873		1578.904816
1069.998539		88.459999		0.309701		1584.102741
1079.995032		86.709999		0.349612		1589.211749
1079.998525		85.589996		0.377905		1594.418734
1079.998603		92.040001		0.223565		1599.516998
1079.999596		90.260002		0.266271		1604.711744
1080.000610		94.389999		0.172384		1609.772707
1080.000779		93.279999		0.197867		1614.955763
1089.998511		92.180000		0.219209		1620.084707
1099.994940		90.839996		0.252128		1625.268748
1099.998498		89.809998		0.278334		1630.431018
1099.999439		87.739998		0.330394		1635.616212
1100.000616		94.029999		0.180636		1640.705690
1109.998484		93.110001		0.198917		1645.857688
1110.000801		91.830002		0.230823		1651.039716
1119.994848		90.489998		0.264665		1656.235692
1119.998470		89.449997		0.290319		1661.388669
1119.999439		93.870003		0.184497		1666.493982
1119.999581		92.190002		0.221994		1671.658568
1120.000226		95.120003		0.156352		1676.753607
1129.998457		94.389999		0.172118		1681.923669
1139.994756		93.199997		0.197050		1687.076087
1139.998443		92.239998		0.219178		1692.235581
1139.998526		95.010002		0.153842		1697.304898
1140.000822		94.010002		0.177766		1702.458330
1149.998429		93.160004		0.197697		1707.636629
1149.999414		91.449997		0.238988		1712.896545
1159.994664		89.930000		0.272440		1718.126677
1159.998416		88.910004		0.297547		1723.281195
1159.999566		86.919998		0.347420		1728.436551
1169.998402		86.029999		0.372235		1733.644618
1170.000661		93.040001		0.198207		1738.749786
1170.000844		91.709999		0.231155		1743.901647
1179.994572		90.349998		0.264518		1749.109794
1179.998388		89.239998		0.289531		1754.241699
1189.998375		88.129997		0.316488		1759.370690
1189.999404		93.470001		0.189315		1764.488323
1199.994480		92.260002		0.217621		1769.606573
1199.998361		91.290001		0.240522		1774.780689
1199.998448		94.620003		0.164025		1779.893703
1199.999388		92.860001		0.206643		1785.020669
1199.999551		91.199997		0.242080		1790.180672
1200.000242		95.160004		0.155162		1795.246259
1200.000672		96.309998		0.128609		1800.335190
1200.000865		95.639999		0.139910		1805.482222
1209.998347		95.169998		0.152747		1810.651203
1219.994387		94.040001		0.174438		1815.787172
1219.998334		93.230003		0.194527		1820.934120
1229.998320		92.279999		0.216590		1826.072136
1230.000887		90.660004		0.251832		1831.294119
1239.994295		89.199997		0.286126		1836.478115
1239.998307		88.190002		0.311731		1841.676160
1239.999536		85.790001		0.368202		1846.877280
1249.998293		85.040001		0.393548		1852.023170
1249.999363		82.910004		0.448298		1857.171163
1259.994203		81.690002		0.482684		1862.310369
1259.998279		81.110001		0.502557		1867.462126
1259.998371		89.510002		0.281061		1872.518279
1259.999368		93.949997		0.179070		1877.594061
1260.000712		95.940002		0.131290		1882.689768
1260.000909		95.279999		0.147738		1887.871086
1269.998266		94.440002		0.163906		1893.055964
1279.994111		93.339996		0.189736		1898.219232
1279.998252		92.430000		0.209705		1903.438659
1279.999521		90.660004		0.251694		1908.558089
1280.000258		94.720001		0.157649		1913.600048
1289.998238		94.070000		0.175000		1918.763053
1290.000930		92.650002		0.204206		1923.924077
1299.994019		91.500000		0.233389		1929.091070
1299.998225		90.510002		0.255649		1934.266153
1299.999337		88.339996		0.308629		1939.430025
1300.000728		94.220001		0.170126		1944.529062
1309.998211		93.330002		0.188159		1949.698053
1319.993927		92.089996		0.216563		1954.941036
1319.998197		91.199997		0.237283		1960.122041
1319.998293		94.589996		0.161623		1965.221838
1319.999506		93.209999		0.191805		1970.374016
1320.000952		91.930000		0.222213		1975.565990
1329.998184		90.980003		0.243953		1980.750930
1329.999333		94.669998		0.158124		1985.799479
1339.993835		93.559998		0.182383		1990.996996
1339.998170		92.699997		0.201966		1996.192075
1349.998156		91.879997		0.222212		2001.360966
1349.999312		90.010002		0.266526		2006.503997
1350.000763		94.260002		0.166198		2011.625023
1350.000974		93.000000		0.193957		2016.789868
1359.993743		91.790001		0.222186		2021.982017
1359.998143		90.970001		0.243294		2027.127923
1359.999491		89.580002		0.282935		2032.273019
1360.000274		93.519997		0.182137		2037.348963
1369.998129		92.779999		0.200298		2042.492969
1379.993651		91.629997		0.228558		2047.641891
1379.998115		90.860001		0.249219		2052.830006
1379.998215		94.199997		0.167678		2057.847059
1380.000995		93.010002		0.194183		2063.019864
1389.998102		92.139999		0.213520		2068.164968
1399.993559		90.940002		0.244280		2073.318940
1399.998088		90.239998		0.265758		2078.465891
1399.999286		88.349998		0.313735		2083.690435
1399.999298		93.540001		0.182274		2088.750429
1399.999476		92.080002		0.215886		2093.898999
1400.000784		95.790001		0.132183		2099.017283
1409.998074		95.139999		0.144842		2104.183347
1410.001017		94.070000		0.167695		2109.354322
1419.993467		93.000000		0.193477		2114.523388
1419.998061		92.209999		0.212381		2119.690391
1429.998047		91.360001		0.232594		2124.894320
1439.993375		90.320000		0.261755		2130.052412
1439.998033		89.510002		0.282725		2135.225609
1439.998138		93.669998		0.178509		2140.304428
1439.999461		92.150002		0.212150		2145.457681
1440.000291		95.400002		0.141111		2150.508367
1440.000813		96.559998		0.114033		2155.586390
1440.001039		96.180000		0.123992		2160.758188
1449.998020		95.690002		0.135356		2165.918348
1449.999261		94.330002		0.162835		2171.040404
1459.993283		93.279999		0.187594		2176.199321
1459.998006		92.400002		0.206576		2181.372325
1469.997992		91.690002		0.225596		2186.509448
1469.999263		94.900002		0.149412		2191.599283
1470.001060		93.860001		0.173690		2196.733384
1479.993191		92.750000		0.199203		2201.892406
1479.997979		91.989998		0.218179		2207.086315
1479.999446		90.589996		0.255070		2212.265815
1489.997965		89.820000		0.276273		2217.342379
1499.993099		88.629997		0.306774		2222.499334
1499.997951		87.680000		0.327832		2227.691788
1499.998060		92.879997		0.196747		2232.778556
1499.999236		91.320000		0.236460		2237.907372
1500.000840		95.559998		0.136323		2242.952977
1500.001082		94.580002		0.157156		2248.112323
1509.997938		93.830002		0.173310		2253.277484
1519.993007		92.849998		0.198656		2258.442324
1519.997924		92.029999		0.217778		2263.638263
1519.999431		90.519997		0.257518		2269.000036
1520.000307		94.360001		0.158617		2274.099817
1529.997910		93.680000		0.175695		2279.262797
1530.000864		96.209999		0.122578		2284.357723
1530.001103		95.290001		0.140512		2289.491746
1539.992915		94.349998		0.160544		2294.651043
1539.997897		93.610001		0.177372		2299.819699
1539.999228		96.080002		0.124445		2304.912797
1549.997883		95.470001		0.136696		2310.080783
1549.999210		94.199997		0.164178		2315.225786
1559.992823		93.300003		0.188091		2320.447743
1559.997869		92.540001		0.206327		2325.630745
1559.997983		95.220001		0.142307		2330.743745
1559.999416		93.919998		0.168478		2335.872703
1560.001125		92.930000		0.195823		2341.049853
1569.997856		92.099998		0.213707		2346.223665
1579.992731		91.010002		0.241630		2351.440030
1579.997842		90.309998		0.261515		2356.571956
1589.997829		89.510002		0.280892		2361.717814
1590.001147		88.120003		0.316414		2366.918206
1599.992639		87.059998		0.345268		2372.100703
1599.997815		86.629997		0.361111		2377.272675
1599.999185		85.190002		0.405634		2382.442685
1599.999401		83.470001		0.452256		2387.626744
1600.000323		91.129997		0.238136		2392.744698
1600.000896		95.379997		0.137270		2397.848723
1609.997801		94.760002		0.151406		2403.005669
1609.999193		96.459999		0.114566		2408.097861
1619.992547		95.849998		0.128135		2413.244624
1619.997788		95.220001		0.140954		2418.380599
1619.997905		96.660004		0.110548		2423.434609
1620.000915		96.959999		0.103029		2428.507685
1620.001168		96.870003		0.106055		2433.667038
1629.997774		96.629997		0.112161		2438.808051
1639.992455		96.010002		0.124803		2443.936760
1639.997760		95.330002		0.137184		2449.154655
1639.999386		94.269997		0.162425		2454.327734
1649.997747		93.639999		0.178828		2459.482643
1649.999159		92.169998		0.213652		2464.623595
1650.001190		90.980003		0.243947		2469.799665
1659.992363		90.010002		0.270492		2474.932682
1659.997733		89.269997		0.290065		2480.095599
1669.997719		88.580002		0.307830		2485.261640
1679.992271		87.599998		0.335450		2490.442561
1679.997706		86.930000		0.352313		2495.608119
1679.997828		92.309998		0.207635		2500.709629
1679.999158		95.550003		0.134767		2505.794644
1679.999371		94.320000		0.159208		2511.039559
1680.000339		96.510002		0.113393		2516.142663
1680.001212		95.769997		0.130090		2521.332655
1689.997692		94.989998		0.144123		2526.531054
1699.992179		94.209999		0.164257		2531.729373
1699.997678		93.510002		0.180982		2536.877645
1699.999134		91.860001		0.218935		2542.026632
1700.000952		95.830002		0.125154		2547.134585
1709.997665		95.349998		0.138006		2552.308633
1710.000966		96.769997		0.104414		2557.419185
1710.001233		96.349998		0.115831		2562.604632
1719.992087		95.480003		0.131724		2567.782755
1719.997651		94.910004		0.145164		2572.978646
1719.999356		93.750000		0.173274		2578.095670
1729.997637		93.180000		0.189986		2583.261596
1739.991995		92.029999		0.216288		2588.388583
1739.997624		91.339996		0.233770		2593.551589
1739.997750		94.660004		0.152073		2598.634606
1740.001255		93.599998		0.177079		2603.901544
1749.997610		92.900002		0.193860		2609.045772
1749.999108		91.389999		0.231734		2614.186502
1749.999123		95.139999		0.138818		2619.281357
1759.991903		94.320000		0.160045		2624.397206
1759.997596		93.680000		0.176427		2629.520563
1759.999341		92.059998		0.211679		2634.736626
1760.000355		95.309998		0.135613		2639.851522
1769.997583		94.860001		0.149781		2645.025548
1770.001277		93.760002		0.174238		2650.189713
1779.991811		92.760002		0.198428		2655.399104
1779.997569		91.910004		0.215716		2660.540513
1789.997555		91.339996		0.232359		2665.738599
1799.991719		90.230003		0.260351		2670.910563
1799.997542		89.550003		0.278033		2676.121503
1799.997672		93.790001		0.173698		2681.226551
1799.999083		92.099998		0.209853		2686.371967
1799.999326		90.949997		0.244862		2691.543906
1800.001008		95.470001		0.131815		2696.604504
1800.001017		96.660004		0.104118		2701.720574
1800.001298		96.260002		0.113905		2706.865479
1809.997528		95.750000		0.124132		2712.020483
1819.991627		95.120003		0.140685		2717.200502
1819.997514		94.559998		0.154790		2722.356486
1819.999088		96.379997		0.111454		2727.464499
1829.997501		95.820000		0.121226		2732.598450
1830.001320		95.110001		0.139441		2737.766510
1839.991535		94.400002		0.159230		2742.943456
1839.997487		93.739998		0.174275		2748.132415
1839.999311		92.190002		0.208840		2753.334973
1840.000371		95.639999		0.129627		2758.472406
1849.997473		95.080002		0.142741		2763.610440
1849.999057		93.650002		0.174268		2768.743431
1859.991443		92.709999		0.197265		2773.880502
1859.997460		92.089996		0.213731		2779.034451
1859.997595		95.139999		0.139555		2784.064455
1860.001341		94.199997		0.161518		2789.229648
1869.997446		93.559998		0.177325		2794.398311
1879.991351		92.639999		0.200592		2799.563298
1879.997432		91.839996		0.217337		2804.722347
1879.999296		90.769997		0.251010		2809.864462
1889.997419		90.059998		0.268627		2815.019389
1889.999053		94.250000		0.161297		2820.137811
1890.001068		96.559998		0.105565		2825.175487
1890.001363		95.889999		0.120863		2830.320456
1899.991259		95.209999		0.138087		2835.459416
1899.997405		94.610001		0.152327		2840.631412
1899.999032		92.889999		0.189814		2845.794371
1900.001064		96.470001		0.108794		2850.976333
1909.997392		95.949997		0.119168		2856.214225
1919.991167		95.199997		0.135904		2861.449393
1919.997378		94.620003		0.149390		2866.648402
1919.997517		96.470001		0.108718		2871.725406
1919.999281		95.599998		0.127129		2876.900373
1920.000387		97.019997		0.097271		2882.026397
1920.001385		96.370003		0.109107		2887.223230
1929.997364		95.900002		0.119931		2892.402530
1939.991075		95.099998		0.137693		2897.597305
1939.997351		94.529999		0.151685		2902.777337
1949.997337		94.019997		0.166299		2907.953277
1949.999006		92.680000		0.199689		2913.090384
1950.001406		91.730003		0.225202		2918.265308
1959.990983		90.699997		0.251898		2923.426461
1959.997323		90.129997		0.267105		2928.631302
1959.999018		94.250000		0.160560		2933.750446
1959.999266		92.980003		0.190369		2938.896312
1969.997310		92.360001		0.205812		2944.092358
1979.990891		91.410004		0.230267		2949.226317
1979.997296		90.820000		0.246840		2954.394834
1979.997440		94.589996		0.151612		2959.464273
1980.001119		96.690002		0.102603		2964.524678
1980.001428		96.019997		0.117581		2969.670297
1989.997282		95.440002		0.129552		2974.876301
1999.990799		94.750000		0.147646		2980.027261
1999.997269		94.169998		0.161617		2985.188745
1999.998981		93.019997		0.193299		2990.374301
1999.999251		91.599998		0.225085		2995.516257
2000.000404		95.220001		0.135731		3000.639275
2000.001120		97.070000		0.095365		3005.752287
2009.997255		96.830002		0.102359		3010.902373
2010.001450		96.029999		0.116496		3016.025753
2019.990707		95.339996		0.132866		3021.187656
2019.997241		94.879997		0.146122		3026.387383
2029.997228		94.290001		0.160180		3031.512192
2029.998982		96.449997		0.107542		3036.587219
2039.990615		95.800003		0.122835		3041.765261
2039.997214		95.290001		0.135487		3046.921243
2039.997362		96.849998		0.099730		3051.997225
2039.999237		96.029999		0.116795		3057.205698
2040.001471		95.220001		0.137317		3062.427789
2049.997200		94.629997		0.151070		3067.585350
2049.998955		93.339996		0.181839		3072.777224
2059.990523		92.419998		0.203709		3077.959228
2059.997187		91.760002		0.219357		3083.111098
2069.997173		91.220001		0.234451		3088.263612
2070.001169		95.389999		0.132793		3093.315135
2070.001493		94.500000		0.153739		3098.468243
2079.990431		93.639999		0.174692		3103.621310
2079.997159		92.940002		0.190255		3108.808158
2079.999222		91.849998		0.220889		3113.988308
2080.000420		95.550003		0.127810		3119.055169
2089.997146		95.019997		0.140397		3124.227770
2099.990339		94.230003		0.160490		3129.367176
2099.997132		93.580002		0.175333		3134.577156
2099.997284		96.010002		0.120239		3139.599134
2099.998930		94.820000		0.146000		3144.703170
2099.998947		96.550003		0.103331		3149.844189
2100.001176		97.339996		0.085574		3154.921113
2100.001515		97.029999		0.091921		3160.057157
2109.997118		96.800003		0.099521		3165.203062
2119.990247		96.290001		0.113286		3170.348022
2119.997105		95.720001		0.124711		3175.541112
2119.999207		94.790001		0.146648		3180.689152
2129.997091		94.150002		0.160361		3185.879191
2130.001536		93.169998		0.184499		3191.009089
2139.990155		92.300003		0.207241		3196.130649
2139.997077		91.730003		0.222975		3201.299067
2149.997064		91.110001		0.237366		3206.486042
2149.998904		90.040001		0.269425		3211.622115
2159.990063		89.199997		0.292077		3216.757145
2159.997050		88.730003		0.305207		3221.933115
2159.997207		93.699997		0.173267		3227.018166
2159.999192		92.349998		0.204918		3232.156061
2160.000436		96.139999		0.115440		3237.224066
2160.001220		97.199997		0.086451		3242.297057
2160.001558		96.900002		0.096310		3247.473876
2169.997036		96.540001		0.105134		3252.628981
2169.998912		97.220001		0.087625		3257.706050
2179.989971		96.970001		0.095585		3262.888099
2179.997023		96.610001		0.104162		3268.013079
2189.997009		96.209999		0.114439		3273.166131
2190.001580		95.300003		0.132055		3278.307338
2199.989879		94.589996		0.150890		3283.541060
2199.996995		94.150002		0.164490		3288.706030
2199.998879		92.510002		0.203861		3293.874279
2199.999177		91.279999		0.233567		3299.007859
2200.001232		95.879997		0.119684		3304.038925
2209.996982		95.309998		0.131003		3309.198129
2219.989787		94.650002		0.149347		3314.336827
2219.996968		94.110001		0.162767		3319.503973
2219.997129		96.449997		0.107966		3324.538016
2220.001601		95.610001		0.124273		3329.685473
2229.996954		95.169998		0.136670		3334.864954
2239.989695		94.379997		0.155680		3340.058963
2239.996941		93.870003		0.169245		3345.253947
2239.998877		96.379997		0.109594		3350.332969
2239.999162		95.449997		0.129599		3355.479959
2240.000452		97.000000		0.092786		3360.534920
2249.996927		96.720001		0.101206		3365.705396
2249.998853		95.820000		0.121039		3370.853368
2250.001271		97.150002		0.089500		3375.919393
2250.001623		96.750000		0.100675		3381.106339
2259.989603		96.169998		0.114289		3386.271205
2259.996914		95.550003		0.125738		3391.421452
2269.996900		95.180000		0.137676		3396.563339
2279.989511		94.330002		0.156372		3401.720295
2279.996886		93.830002		0.169852		3406.931283
2279.997052		96.180000		0.113263		3412.032739
2279.999147		95.199997		0.135553		3417.197173
2280.001644		94.370003		0.156070		3422.313294
2289.996873		93.849998		0.169751		3427.505251
2299.989419		93.000000		0.190346		3432.733341
2299.996859		92.389999		0.204901		3437.915157
2299.998828		91.029999		0.241880		3443.057379
2300.001288		95.680000		0.124349		3448.090295
2309.996845		95.269997		0.136328		3453.257703
2309.998842		97.070000		0.091283		3458.357351
2310.001666		96.500000		0.103984		3463.505284
2319.989327		96.000000		0.118610		3468.702367
2319.996832		95.440002		0.130561		3473.879291
2319.999132		94.419998		0.155757		3479.037914
2320.000468		96.790001		0.095859		3484.107718
2329.996818		96.510002		0.104916		3489.291620
2339.989235		95.989998		0.119653		3494.517304
2339.996804		95.510002		0.131300		3499.655400
2339.996974		96.870003		0.094462		3504.710236
2340.001322		97.500000		0.079368		3509.801256
2340.001688		97.250000		0.084588		3514.932520
2349.996791		96.970001		0.091505		3520.090220
2349.998802		96.279999		0.109185		3525.322230
2359.989143		95.699997		0.125242		3530.448274
2359.996777		95.190002		0.137525		3535.645299
2359.999117		94.169998		0.163087		3540.803312
2369.996763		93.480003		0.176653		3545.998152
2370.001709		92.589996		0.200523		3551.161759
2379.989051		91.790001		0.222818		3556.348235
2379.996750		91.220001		0.236099		3561.524282
2379.998807		95.059998		0.138426		3566.535222
2389.996736		94.540001		0.151084		3571.682210
2399.988959		93.779999		0.171012		3576.832744
2399.996722		93.190002		0.184316		3581.986512
2399.996896		95.809998		0.119790		3587.064231
2399.998777		94.709999		0.146616		3592.237213
2399.999102		93.489998		0.175879		3597.438163
2400.000484		96.260002		0.110453		3602.501156
2400.001344		97.430000		0.081205		3607.665184
2400.001731		96.949997		0.091877		3612.876600
2409.996709		96.570000		0.100925		3618.076104
2419.988867		95.970001		0.115490		3623.212206
2419.996695		95.480003		0.126999		3628.394158
2429.996681		95.010002		0.139342		3633.529181
2430.001373		97.099998		0.088688		3638.639196
2430.001753		96.610001		0.101010		3643.810133
2439.988775		95.959999		0.115179		3648.984200
2439.996668		95.610001		0.126723		3654.172304
2439.999087		94.589996		0.152122		3659.299128
2449.996654		93.949997		0.164917		3664.417118
2449.998751		92.790001		0.196315		3669.547159
2449.998772		95.629997		0.122920		3674.651155
2459.988683		95.050003		0.140543		3679.847632
2459.996640		94.610001		0.153242		3684.949419
2459.996819		96.519997		0.101567		3690.031135
2460.001774		95.919998		0.117697		3695.220234
2469.996627		95.480003		0.129324		3700.406100
2479.988591		94.849998		0.147408		3705.566952
2479.996613		94.269997		0.159986		3710.728009
2479.999072		92.959999		0.189536		3715.866045
2480.000500		96.220001		0.112672		3720.898043
2489.996599		95.629997		0.124043		3726.041033
2490.001796		94.900002		0.143256		3731.206025
2499.988499		94.180000		0.162731		3736.400102
2499.996586		93.599998		0.174987		3741.623929
2499.998726		92.320000		0.207685		3746.747990
2500.001400		96.099998		0.113558		3751.857018
2509.996572		95.580002		0.124512		3757.037995
2519.988407		94.959999		0.142167		3762.232992
2519.996558		94.510002		0.154564		3767.379071
2519.996741		96.610001		0.099936		3772.479015
2519.998737		97.489998		0.080192		3777.540972
2519.999057		96.980003		0.090010		3782.732002
2520.001424		97.580002		0.076462		3787.805947
2520.001818		97.419998		0.081174		3792.997018
2529.996545		97.120003		0.087268		3798.146614
2539.988315		96.660004		0.098219		3803.373943
2539.996531		96.309998		0.107899		3808.600261
2549.996517		95.839996		0.118333		3813.761948
2549.998700		94.849998		0.143754		3818.884937
2550.001839		94.000000		0.165326		3824.043900
2559.988223		93.239998		0.185232		3829.181937
2559.996504		92.790001		0.198061		3834.328952
2559.999042		91.529999		0.227270		3839.486942
2560.000517		95.260002		0.135516		3844.573921
2569.996490		94.750000		0.147649		3849.764268
2579.988131		94.029999		0.166613		3854.951930
2579.996476		93.510002		0.179534		3860.125460
2579.996664		96.180000		0.112078		3865.218867
2580.001861		95.470001		0.130954		3870.361873
2589.996463		94.940002		0.143008		3875.563061
2589.998702		96.820000		0.094118		3880.657096
2599.988039		96.309998		0.107220		3885.887813
2599.996449		95.879997		0.118167		3891.086984
2599.998675		94.870003		0.143737		3896.243962
2599.999027		93.870003		0.169417		3901.379170
2600.001456		96.690002		0.096295		3906.479917
2609.996436		96.389999		0.105955		3911.600854
2610.001474		97.489998		0.079495		3916.713919
2610.001882		97.040001		0.089336		3921.863903
2619.987947		96.540001		0.102083		3927.072277
2619.996422		96.099998		0.112683		3932.173038
2629.996408		95.570000		0.124032		3937.322871
2639.987855		95.019997		0.141252		3942.452139
2639.996395		94.510002		0.153725		3947.607903
2639.996586		96.540001		0.102113		3952.697829
2639.999012		95.699997		0.123118		3957.902723
2640.000533		97.269997		0.082887		3963.155835
2640.001904		96.809998		0.094605		3968.489276
2649.996381		96.400002		0.104365		3974.075564
2649.998649		95.570000		0.126561		3979.414019
2659.987763		94.930000		0.144245		3984.716754
2659.996367		94.400002		0.156023		3990.112962
2659.998667		96.480003		0.102371		3995.399504
2669.996354		96.040001		0.112470		4000.762898
2670.001926		95.500000		0.130217		4006.051394
2679.987671		94.699997		0.148345		4011.193545
2679.996340		94.230003		0.160683		4016.681308
2679.998997		93.029999		0.188953		4021.893776
2689.996326		92.559998		0.201572		4027.133152
2699.987579		91.889999		0.220961		4032.247799
2699.996313		91.339996		0.234353		4037.269770
2699.996508		95.059998		0.137891		4042.215813
2699.998624		93.860001		0.167951		4047.377622
2700.001512		96.790001		0.092955		4052.398705
2700.001525		97.620003		0.074600		4057.390799
2700.001947		97.290001		0.081836		4062.678861
2709.996299		96.970001		0.089193		4068.016738
2719.987487		96.489998		0.101868		4073.090951
2719.996285		96.089996		0.112166		4078.160919
2719.998982		95.220001		0.134084		4083.220745
2720.000549		97.010002		0.089343		4088.189429
2729.996272		96.650002		0.098213		4093.290730
2729.998632		97.529999		0.075100		4098.296713
2730.001969		97.190002		0.083708		4103.367754
2739.987395		96.750000		0.095035		4108.471692
2739.996258		96.339996		0.104918		4113.539716
2749.996244		96.010002		0.115270		4118.600714
2749.998598		94.860001		0.143519		4123.641703
2759.987303		94.169998		0.160105		4128.715750
2759.996231		93.709999		0.172151		4133.960027
2759.996431		96.330002		0.107512		4139.276329
2759.998967		95.459999		0.128315		4144.804667
2760.001991		94.639999		0.147609		4150.316700
2769.996217		94.230003		0.159538		4155.552706
2779.987211		93.459999		0.178376		4160.819036
2779.996203		92.940002		0.190617		4165.952670
2789.996190		92.449997		0.203246		4171.059656
2790.001576		96.279999		0.107532		4176.317678
2790.002012		95.620003		0.124706		4181.393730
2799.987119		95.000000		0.141459		4186.420666
2799.996176		94.570000		0.153346		4191.469666
2799.998573		93.300003		0.182317		4196.532679
2799.998597		96.260002		0.107797		4201.531156
2799.998952		95.379997		0.128746		4206.588734
2800.000565		97.019997		0.087236		4211.576040
2800.001568		97.699997		0.070303		4216.543343
2809.996162		97.559998		0.074082		4221.599482
2819.987027		97.309998		0.082259		4226.666108
2819.996149		96.910004		0.090121		4231.719472
2819.996353		97.629997		0.072185		4236.711145
2820.002034		97.320000		0.080606		4241.717094
2829.996135		96.989998		0.088157		4246.737033
2839.986935		96.559998		0.101184		4251.765059
2839.996121		96.230003		0.111039		4256.810588
2839.998937		95.360001		0.133127		4261.963111
2849.996108		94.870003		0.144614		4267.339078
2849.998547		93.709999		0.172736		4272.516227
2850.002056		92.760002		0.195021		4277.848068
2859.986843		92.150002		0.213029		4282.985021
2859.996094		91.739998		0.224073		4288.107044
2869.996080		91.410004		0.235461		4293.273072
2869.998561		95.650002		0.122908		4298.339193
2879.986751		95.110001		0.140078		4303.357341
2879.996067		94.680000		0.151687		4308.391067
2879.996276		96.470001		0.100910		4313.349051
2879.998922		95.709999		0.121080		4318.569200
2880.000581		97.169998		0.082325		4323.571032
2880.001627		97.739998		0.068723		4328.600007
2880.002077		97.510002		0.074017		4333.665217
2889.996053		97.279999		0.080247		4338.991652
2899.986659		96.790001		0.091296		4344.110500
2899.996039		96.500000		0.100525		4349.170019
2899.998522		95.750000		0.121447		4354.233031
2900.001624		97.239998		0.081115		4359.190977
2909.996026		96.849998		0.088795		4364.233989
2910.002099		96.449997		0.102967		4369.269023
2919.986567		95.949997		0.118210		4374.304977
2919.996012		95.480003		0.128670		4379.343020
2919.998907		94.599998		0.151944		4384.390929
2929.995998		94.120003		0.163432		4389.411994
2939.986475		93.360001		0.181990		4394.424016
2939.995985		92.839996		0.192526		4399.416095
2939.996198		95.750000		0.122956		4404.381008
2939.998526		96.989998		0.086115		4409.355914
2940.002120		96.559998		0.098954		4414.402401
2949.995971		96.239998		0.108863		4419.535199
2949.998497		95.330002		0.132267		4424.552406
2959.986383		94.629997		0.150169		4429.577425
2959.995958		94.160004		0.161335		4434.589402
2959.998892		93.029999		0.188949		4439.626658
2960.000597		96.260002		0.108449		4444.597440
2969.995944		95.870003		0.118665		4449.632401
2970.001678		97.269997		0.080443		4454.620347
2970.002142		96.830002		0.092831		4459.850348
2979.986291		96.309998		0.106936		4464.890383
2979.995930		95.879997		0.117118		4470.002637
2989.995917		95.550003		0.127888		4475.076793
2999.986199		94.949997		0.144362		4480.133350
2999.995903		94.320000		0.155212		4485.123372
2999.996121		96.480003		0.101097		4490.099402
2999.998471		95.730003		0.122543		4495.174554
2999.998877		94.769997		0.146280		4500.201363
3000.001680		97.269997		0.080613		4505.167378
3000.002164		96.769997		0.092301		4510.157353
3009.995889		96.489998		0.101365		4515.198393
3009.998491		97.589996		0.072852		4520.162308
3019.986107		97.199997		0.081431		4525.232326
3019.995876		96.889999		0.089373		4530.288401
3029.995862		96.599998		0.098123		4535.356772
3030.002185		96.059998		0.112151		4540.452807
3039.986015		95.519997		0.127717		4545.493794
3039.995848		95.169998		0.138481		4550.539816
3039.998862		94.029999		0.162314		4555.580281
3040.000613		96.620003		0.096759		4560.564737
3049.995835		96.239998		0.106281		4565.621765
3049.998446		95.480003		0.129500		4570.651778
3059.985923		94.849998		0.146215		4575.638800
3059.995821		94.400002		0.157330		4580.686759
3059.996043		96.470001		0.101269		4585.607804
3060.001729		97.589996		0.073269		4590.562745
3060.002207		97.180000		0.082667		4595.625718
3069.995807		96.860001		0.090572		4600.743617
3079.985831		96.419998		0.103132		4605.787741
3079.995794		96.089996		0.112756		4610.835683
3079.998456		97.379997		0.079016		4615.753803
3079.998847		96.730003		0.092287		4620.846759
3089.995780		96.419998		0.101437		4625.822743
3090.002229		95.900002		0.117247		4630.866647
3099.985739		95.309998		0.133290		4636.002702
3099.995766		94.930000		0.143982		4641.059706
3099.998420		93.610001		0.173853		4646.180732
3100.001736		96.550003		0.099965		4651.346740
3109.995753		96.309998		0.109472		4656.522684
3119.985647		95.639999		0.124727		4661.735670
3119.995739		95.180000		0.135325		4666.950690
3119.995965		96.910004		0.087249		4672.011402
3119.998832		96.440002		0.104706		4677.159697
3120.000630		97.449997		0.074090		4682.120695
3120.002250		97.029999		0.083951		4687.173695
3129.995725		96.760002		0.092169		4692.295656
3139.985555		96.389999		0.105743		4697.369667
3139.995712		96.000000		0.115573		4702.475677
3149.995698		95.550003		0.125788		4707.635647
3149.998395		94.360001		0.154527		4712.952616
3149.998421		96.769997		0.090721		4717.987628
3150.001779		97.699997		0.069539		4723.081651
3150.002272		97.389999		0.077334		4728.235144
3159.985463		96.879997		0.087814		4733.419941
3159.995684		96.599998		0.096436		4738.511681
3159.998817		96.050003		0.115020		4743.671446
3169.995671		95.550003		0.125366		4748.742592
3179.985371		94.839996		0.141787		4753.833622
3179.995657		94.589996		0.151954		4758.922527
3179.995888		96.629997		0.096465		4763.906063
3180.002294		96.129997		0.111685		4768.945048
3189.995643		95.779999		0.121375		4773.926635
3199.985279		95.150002		0.137330		4779.049569
3199.995630		94.709999		0.148039		4784.108619
3199.998369		93.639999		0.176304		4789.166587
3199.998802		92.690002		0.203310		4794.205619
3200.000646		96.010002		0.114782		4799.179844
3200.001792		97.510002		0.073472		4804.142531
3209.995616		97.220001		0.079994		4809.185596
3210.002315		96.680000		0.091910		4814.257609
3219.985187		96.309998		0.105038		4819.311518
3219.995602		96.029999		0.114463		4824.348842
3219.998386		97.250000		0.078919		4829.333865
3229.995589		96.940002		0.086388		4834.403550
3239.985095		96.480003		0.098826		4839.786852
3239.995575		96.260002		0.108068		4844.807726
3239.995810		97.410004		0.077477		4849.737228
3239.998787		96.730003		0.091302		4854.707842
3240.001830		97.690002		0.068041		4859.707492
3240.002337		97.510002		0.075428		4864.774514
3249.995561		97.180000		0.082169		4869.802510
3249.998344		96.550003		0.098409		4874.833513
3259.985003		96.139999		0.111976		4879.837516
3259.995548		95.790001		0.121884		4884.878798
3269.995534		95.320000		0.131550		4889.857502
3270.002358		94.610001		0.150551		4894.899482
3279.984911		93.959999		0.167982		4899.981039
3279.995520		93.519997		0.177953		4904.981973
3279.998772		92.570000		0.204530		4910.023946
3280.000662		96.279999		0.107350		4914.972970
3289.995507		95.959999		0.116875		4919.983946
3289.998351		97.309998		0.078372		4924.929960
3299.984819		96.900002		0.088196		4930.017062
3299.995493		96.620003		0.096290		4935.078902
3299.995733		97.500000		0.073317		4940.032976
3299.998318		96.910004		0.087784		4945.068973
3300.001848		97.629997		0.069718		4950.004934
3300.002380		97.419998		0.076214		4955.010934
3309.995480		97.180000		0.082595		4960.063890
3319.984727		96.690002		0.094790		4965.085924
3319.995466		96.389999		0.103544		4970.089942
3319.998757		95.660004		0.123359		4975.111840
3329.995452		95.349998		0.133697		4980.140899
3330.001881		97.349998		0.076713		4985.077928
3330.002402		96.949997		0.087820		4990.181905
3339.984635		96.519997		0.100684		4995.250943
3339.995439		96.169998		0.109848		5000.343734
3349.995425		95.790001		0.119350		5005.351953
3349.998293		94.800003		0.143029		5010.379871
3359.984543		94.160004		0.161261		5015.433887
3359.995411		93.779999		0.171144		5020.516856
3359.995655		96.199997		0.108634		5025.497852
3359.998316		97.430000		0.074340		5030.429860
3359.998743		96.959999		0.087717		5035.411858
3360.000678		97.820000		0.065808		5040.363343
3360.002423		97.449997		0.073423		5045.385851
3369.995398		97.169998		0.080245		5050.423829
3379.984451		96.760002		0.091758		5055.442909
3379.995384		96.459999		0.100511		5060.488850
3389.995370		96.180000		0.109864		5065.524122
3390.002445		95.510002		0.127064		5070.574746
3399.984359		94.790001		0.144078		5075.583837
3399.995357		94.370003		0.154959		5080.646792
3399.998267		93.230003		0.185163		5085.671875
3399.998728		92.059998		0.213857		5090.668836
3400.001904		96.790001		0.090392		5095.586914
3409.995343		96.510002		0.098920		5100.654849
3419.984267		96.099998		0.112809		5105.666824
3419.995329		95.750000		0.122284		5110.734808
3419.995577		97.180000		0.081757		5115.717821
3420.001932		97.839996		0.064238		5120.639856
3420.002467		97.639999		0.071323		5125.662797
3429.995316		97.269997		0.077935		5130.728250
3429.998281		97.940002		0.062889		5135.663795
3439.984175		97.720001		0.068767		5140.725066
3439.995302		97.419998		0.074792		5145.751938
3439.998713		96.830002		0.088339		5150.785833
3440.000694		97.820000		0.065878		5155.701866
3449.995288		97.540001		0.071126		5160.715924
3449.998242		96.989998		0.084986		5165.724637
3450.002488		96.529999		0.098632		5170.739753
3459.984083		96.150002		0.112735		5175.692733
3459.995275		95.750000		0.121779		5180.728748
3469.995261		95.339996		0.131874		5185.783765
3479.983991		94.620003		0.147857		5190.776754
3479.995247		94.169998		0.157499		5195.814087
3479.995500		96.580002		0.098445		5200.801701
3479.998698		95.889999		0.117486		5205.793226
3480.002510		95.269997		0.133635		5210.785192
3489.995234		94.879997		0.143383		5215.766205
3499.983899		94.169998		0.159806		5220.766071
3499.995220		93.860001		0.169710		5225.787172
3499.998216		92.699997		0.199880		5230.863240
3499.998246		96.129997		0.112362		5235.787145
3500.001960		97.610001		0.069968		5240.808147
3509.995206		97.279999		0.076274		5245.863235
3510.001983		97.940002		0.061705		5250.797178
3510.002532		97.730003		0.067495		5255.853210
3519.983807		97.279999		0.075799		5260.960071
3519.995193		97.000000		0.082846		5265.963199
3519.998683		96.540001		0.099228		5271.003192
3520.000710		97.559998		0.070555		5275.929180
3529.995179		97.300003		0.076711		5280.970144
3539.983715		96.879997		0.087663		5285.979199
3539.995165		96.599998		0.095817		5291.041009
3539.995422		97.690002		0.070051		5296.006161
3540.002553		97.129997		0.080012		5301.072167
3549.995152		96.860001		0.087969		5306.068170
3549.998191		96.279999		0.107351		5311.100158
3559.983623		95.709999		0.122785		5316.140126
3559.995138		95.309998		0.133166		5321.210173
3559.998668		94.309998		0.156285		5326.228790
3569.995124		93.959999		0.165688		5331.283193
3569.998211		96.559998		0.096700		5336.218189
3570.002575		95.930000		0.113777		5341.252866
3579.983531		95.540001		0.128941		5346.263156
3579.995111		95.070000		0.138905		5351.277111
3589.995097		94.599998		0.148174		5356.267168
3599.983439		93.989998		0.165203		5361.252111
3599.995083		93.660004		0.174904		5366.245127
3599.995345		96.370003		0.101773		5371.215095
3599.998165		95.559998		0.125567		5376.203043
3599.998653		94.779999		0.148300		5381.269123
3600.000726		97.059998		0.083916		5386.154065
3600.002016		97.919998		0.062405		5391.136124
3600.002034		97.919998		0.065231		5396.106476
3600.002596		97.970001		0.063814		5401.166171
3609.995070		97.809998		0.065755		5406.205157
3619.983347		97.610001		0.071262		5411.224494
3619.995056		97.300003		0.077052		5416.263065
3629.995042		97.059998		0.083863		5421.331066
3630.002618		96.620003		0.095929		5426.324090
3639.983255		96.220001		0.109193		5431.368043
3639.995029		95.870003		0.117943		5436.393043
3639.998176		97.379997		0.074807		5441.385107
3639.998638		96.849998		0.088167		5446.485131
3649.995015		96.620003		0.096029		5451.527078
3649.998140		95.900002		0.116819		5456.572022
3659.983162		95.220001		0.132194		5461.575537
3659.995002		94.940002		0.141852		5466.580569
3659.995267		96.599998		0.093638		5471.593495
3660.002640		96.290001		0.106473		5476.575490
3669.994988		95.900002		0.115556		5481.697509
3679.983070		95.379997		0.130683		5486.857508
3679.994974		95.010002		0.140087		5491.880552
3679.998623		94.099998		0.162822		5496.881555
3680.000743		96.550003		0.096132		5501.924934
3689.994961		96.330002		0.104945		5506.913473
3690.002085		97.550003		0.070949		5511.899337
3690.002661		97.050003		0.081174		5516.947295
3699.982978		96.669998		0.092463		5522.018697
3699.994947		96.449997		0.100679		5527.051882
3699.998114		95.730003		0.121222		5532.024507
3700.002072		97.470001		0.073430		5537.028506
3709.994933		97.169998		0.080172		5542.053516
3709.998140		97.910004		0.061849		5547.071511
3719.982886		97.599998		0.068563		5552.106715
3719.994920		97.320000		0.074653		5557.105488
3719.995189		97.989998		0.060184		5562.090484
3719.998608		97.629997		0.067873		5567.105675
3720.002683		97.209999		0.077633		5572.070441
3729.994906		97.000000		0.085011		5577.022418
3739.982794		96.550003		0.096792		5581.998336
3739.994892		96.300003		0.105436		5587.017412
3749.994879		95.949997		0.114366		5592.022800
3749.998089		95.190002		0.137236		5597.052450
3750.002705		94.489998		0.153624		5602.085402
3759.982702		94.010002		0.168724		5607.128341
3759.994865		93.680000		0.177370		5612.173398
3759.998593		92.860001		0.201415		5617.190306
3760.000759		96.570000		0.096539		5622.188915
3769.994851		96.279999		0.104817		5627.174865
3779.982610		95.790001		0.118443		5632.183936
3779.994838		95.519997		0.127252		5637.204918
3779.995112		97.000000		0.082666		5642.169946
3779.998105		97.820000		0.061935		5647.135889
3780.002135		98.169998		0.057195		5652.186627
3780.002726		98.089996		0.058559		5657.272138
3789.994824		97.870003		0.061938		5662.321976
3799.982518		97.660004		0.069186		5667.381267
3799.994810		97.320000		0.075569		5672.442986
3799.998063		96.690002		0.091359		5677.462861
3799.998578		96.120003		0.110492		5682.514827
3800.002128		97.629997		0.068403		5687.492816
3809.994797		97.370003		0.074460		5692.572783
3810.002748		96.879997		0.085209		5697.564921
3819.982426		96.519997		0.097639		5702.616839
3819.994783		96.250000		0.106091		5707.599872
3829.994769		95.959999		0.114885		5712.625782
3839.982334		95.389999		0.130165		5717.634787
3839.994756		94.989998		0.139154		5722.662728
3839.995034		96.730003		0.089705		5727.658452
3839.998563		96.220001		0.108093		5732.720793
3840.000775		97.489998		0.070615		5737.846740
3840.002770		97.019997		0.080836		5742.864891
3849.994742		96.779999		0.088233		5748.131748
3849.998038		96.150002		0.109196		5753.226064
3849.998070		97.400002		0.072758		5758.210810
3859.982242		96.910004		0.083102		5763.309799
3859.994728		96.730003		0.090935		5768.568638
3869.994715		96.489998		0.098988		5773.712452
3870.002186		97.750000		0.067810		5778.695656
3870.002791		97.150002		0.077622		5783.747677
3879.982150		96.709999		0.090091		5788.774526
3879.994701		96.570000		0.098312		5793.792993
3879.998548		95.910004		0.116079		5798.841911
3889.994687		95.610001		0.124996		5804.045973
3899.982058		95.010002		0.139823		5809.064019
3899.994674		94.760002		0.148719		5814.074937
3899.994957		96.570000		0.096076		5819.023220
3899.998012		95.830002		0.115202		5824.057607
3900.002184		97.660004		0.069773		5829.106688
3900.002813		97.190002		0.080399		5834.240173
3909.994660		96.879997		0.088381		5839.287678
3919.981966		96.459999		0.100881		5844.333665
3919.994646		96.139999		0.109550		5849.541715
3919.998035		97.580002		0.072187		5854.575428
3919.998533		96.949997		0.085919		5859.844636
3920.000791		97.830002		0.062540		5865.026841
3929.994633		97.669998		0.067587		5870.214390
3930.002834		97.290001		0.077562		5875.214654
3939.981874		96.839996		0.088584		5880.242608
3939.994619		96.669998		0.096834		5885.284656
3949.994605		96.339996		0.105327		5890.281753
3949.997987		95.599998		0.125361		5895.326591
3959.981782		95.040001		0.139421		5900.366614
3959.994592		94.769997		0.147720		5905.456742
3959.994879		96.790001		0.089469		5910.410115
3959.998518		96.370003		0.106768		5915.493256
3960.002237		97.519997		0.069915		5920.508540
3960.002856		97.050003		0.080342		5925.634627
3969.994578		96.769997		0.087989		5930.697585
3979.981690		96.470001		0.101002		5935.736914
3979.994564		96.190002		0.109355		5940.822542
3989.994551		95.830002		0.118226		5945.953954
3989.998000		97.169998		0.077054		5950.990611
3990.002878		96.739998		0.088889		5956.085364
3999.981598		96.489998		0.101708		5961.186599
3999.994537		96.120003		0.110356		5966.250504
3999.997961		95.290001		0.134544		5971.330603
3999.998503		94.440002		0.157414		5976.425605
4000.000807		96.620003		0.094674		5981.388564
4000.002240		97.779999		0.065205		5986.386634
4009.994524		97.570000		0.070774		5991.459675
4019.981506		97.160004		0.080584		5996.516518
4019.994510		96.809998		0.088063		6001.634936
4019.994802		97.790001		0.064966		6006.760548
4020.002899		97.370003		0.074018		6011.897509
4029.994496		97.089996		0.080887		6016.893989
4039.981414		96.650002		0.093301		6021.918998
4039.994483		96.459999		0.101382		6026.946023
4039.998488		95.699997		0.120526		6031.965093
4049.994469		95.349998		0.129479		6036.976053
4049.997936		94.540001		0.153499		6041.960111
4050.002288		96.779999		0.088424		6046.957036
4050.002921		96.400002		0.101152		6051.983639
4059.981322		96.000000		0.114248		6057.016006
4059.994455		95.599998		0.122739		6062.021983
4059.997965		97.059998		0.080271		6066.940025
4069.994442		96.779999		0.087762		6071.982072
4079.981230		96.410004		0.100437		6077.009966
4079.994428		96.250000		0.108782		6082.051921
4079.994724		97.349998		0.073972		6087.046908
4079.998473		96.820000		0.088260		6092.066983
4080.000823		97.879997		0.061563		6097.113328
4080.002943		97.629997		0.069871		6102.289989
4089.994414		97.250000		0.076502		6107.401950
4099.981138		96.860001		0.087970		6112.548763
4099.994401		96.629997		0.095923		6117.566899
4099.997910		95.910004		0.116940		6122.621908
4100.002296		97.580002		0.067912		6127.632939
4109.994387		97.300003		0.074339		6132.680897
4110.002964		96.879997		0.085757		6137.709851
4119.981046		96.570000		0.098548		6142.741934
4119.994373		96.209999		0.106736		6147.743912
4119.998458		95.589996		0.125925		6152.799944
4129.994360		95.190002		0.134755		6157.836921
4129.997930		97.320000		0.075593		6162.756938
4139.980954		96.889999		0.086215		6167.818908
4139.994346		96.690002		0.094049		6172.800906
4139.994646		97.660004		0.067085		6177.773910
4140.002339		98.169998		0.054655		6182.746869
4140.002986		97.919998		0.059829		6187.820800
4149.994332		97.750000		0.064978		6192.821890
4149.997885		97.279999		0.076585		6197.870916
4159.980862		96.839996		0.087982		6202.904826
4159.994319		96.650002		0.095841		6207.931865
4159.998443		96.010002		0.113689		6212.933866
4160.000839		97.459999		0.071351		6217.876884
4169.994305		97.199997		0.078299		6222.917114
4170.003008		96.849998		0.090344		6228.021917
4179.980770		96.470001		0.102667		6233.023857
4179.994291		96.150002		0.110528		6238.041933
4189.994278		95.820000		0.119520		6243.067874
4199.980678		95.269997		0.133369		6248.092878
4199.994264		95.019997		0.141997		6253.141191
4199.994569		96.750000		0.091241		6258.166859
4199.997859		95.820000		0.118815		6263.223808
4199.997895		97.339996		0.077119		6268.165839
4199.998428		96.790001		0.091100		6273.173828
4200.002352		97.949997		0.060541		6278.141853
4200.003029		97.680000		0.068172		6283.139810
4209.994250		97.389999		0.074389		6288.230175
4219.980586		96.919998		0.084520		6293.236750
4219.994237		96.760002		0.091843		6298.352838
4229.994223		96.489998		0.099573		6303.388753
4230.002390		97.699997		0.065796		6308.371809
4230.003051		97.360001		0.074978		6313.375771
4239.980494		96.980003		0.085584		6318.458910
4239.994209		96.650002		0.093049		6323.434699
4239.998413		96.070000		0.110828		6328.422705
4240.000856		97.449997		0.070777		6333.327854
4249.994196		97.250000		0.077035		6338.356726
4249.997834		96.660004		0.094510		6343.360690
4259.980402		96.260002		0.106321		6348.448263
4259.994182		95.959999		0.114715		6353.532204
4259.994491		97.379997		0.074094		6358.525210
4260.003072		96.930000		0.085276		6363.560164
4269.994168		96.790001		0.092792		6368.605123
4269.997860		97.769997		0.064439		6373.542193
4279.980310		97.360001		0.073690		6378.590199
4279.994155		97.040001		0.080620		6383.637011
4279.998398		96.650002		0.096255		6388.631191
4289.994141		96.370003		0.104214		6393.790620
4290.003094		95.809998		0.119303		6399.083124
4299.980218		95.220001		0.133680		6404.337101
4299.994127		95.050003		0.141619		6409.466638
4299.997808		94.129997		0.165160		6414.601138
4300.002408		97.169998		0.080066		6419.741949
4309.994114		96.879997		0.087249		6424.872217
4319.980126		96.410004		0.099867		6429.949104
4319.994100		96.199997		0.107838		6435.155481
4319.994414		97.440002		0.071784		6440.453203
4319.998383		96.910004		0.085665		6445.582116
4320.000872		97.919998		0.060077		6450.953192
4320.002440		98.330002		0.053114		6456.051971
4320.003116		98.139999		0.055953		6461.245160
4329.994086		97.940002		0.059720		6466.448121
4339.980034		97.629997		0.067139		6471.733860
4339.994073		97.379997		0.073377		6476.936527
4339.997825		98.080002		0.056129		6481.933957
4349.994059		97.910004		0.060290		6487.089125
4349.997783		97.410004		0.072200		6492.217928
4350.003137		97.029999		0.083190		6497.385801
4359.979942		96.680000		0.095022		6502.426076
4359.994046		96.459999		0.102738		6507.428995
4359.998368		95.800003		0.121087		6512.691766
4369.994032		95.430000		0.129649		6518.229498
4379.979850		95.099998		0.143707		6523.707825
4379.994018		94.739998		0.151570		6529.195054
4379.994336		96.669998		0.093288		6534.823058
4380.003159		96.260002		0.107332		6540.317631
4389.994005		96.029999		0.114951		6545.731370
4399.979758		95.480003		0.129582		6551.171029
4399.993991		95.209999		0.137377		6556.586051
4399.997758		94.250000		0.162769		6561.942180
4399.998353		93.320000		0.186802		6568.179706
4400.000888		96.809998		0.089101		6573.418362
4400.002464		97.879997		0.059202		6578.611293
4409.993977		97.739998		0.064113		6583.803414
4409.997790		98.199997		0.053474		6588.944216
4410.002491		98.330002		0.054069		6594.033097
4410.003181		98.330002		0.052476		6599.279224
4419.979666		98.160004		0.055076		6604.497085
4419.993964		97.930000		0.058650		6609.597274
4429.993950		97.800003		0.063302		6614.787109
4439.979574		97.459999		0.072039		6619.838959
4439.993936		97.239998		0.078786		6624.947943
4439.994258		97.949997		0.058911		6629.935005
4439.998338		97.599998		0.068137		6634.991952
4440.003202		97.230003		0.077875		6640.189409
4449.993923		96.940002		0.085136		6645.324814
4449.997732		96.440002		0.101499		6650.454458
4459.979482		96.080002		0.114695		6655.644408
4459.993909		95.699997		0.122165		6661.051979
4469.993895		95.550003		0.129772		6666.202153
4470.003224		94.940002		0.144713		6671.379875
4479.979390		94.550003		0.158059		6676.783109
4479.993882		94.180000		0.165241		6682.235936
4479.997754		96.639999		0.094357		6687.342674
4479.998323		96.110001		0.111145		6692.515051
4480.000904		97.519997		0.070263		6697.552905
4489.993868		97.190002		0.076960		6702.641135
4499.979298		96.860001		0.087509		6708.218347
4499.993854		96.650002		0.095107		6713.929224
4499.994181		97.739998		0.064398		6719.108922
4499.997707		97.169998		0.077431		6724.192920
4500.002520		98.059998		0.055444		6729.164209
4500.002542		98.360001		0.051324		6734.645427
4500.003246		98.260002		0.052470		6740.147393
4509.993841		98.099998		0.055330		6745.766989
4519.979206		97.870003		0.061884		6750.940705
4519.993827		97.680000		0.067646		6756.152403
4519.998308		97.019997		0.080953		6761.360309
4529.993813		96.800003		0.088063		6766.494418
4530.003267		96.430000		0.100054		6771.581804
4539.979114		96.019997		0.113079		6776.887454
4539.993800		95.769997		0.121085		6781.968403
4549.993786		95.510002		0.128977		6787.114281
4549.997681		94.669998		0.152344		6792.117388
4549.997719		96.790001		0.088067		6797.050339
4559.979022		96.510002		0.100256		6802.128370
4559.993772		96.260002		0.108026		6807.295355
4559.994103		97.480003		0.071323		6812.330345
4559.998293		96.900002		0.085805		6817.405311
4560.000920		97.949997		0.059319		6822.390274
4560.003289		97.639999		0.067642		6827.528509
4569.993759		97.400002		0.073778		6832.721205
4579.978930		97.019997		0.084611		6837.809200
4579.993745		96.790001		0.091940		6842.914281
4589.993731		96.470001		0.099782		6847.979056
4590.002593		97.800003		0.062200		6852.932279
4590.003310		97.519997		0.070711		6858.034518
4599.978838		97.169998		0.080356		6863.400245
4599.993718		96.860001		0.087456		6868.892824
4599.997656		96.309998		0.104943		6874.086476
4599.998278		95.680000		0.122428		6879.231783
4600.002576		97.599998		0.068979		6884.251770
4609.993704		97.300003		0.075389		6889.291749
4619.978746		96.989998		0.086183		6894.595948
4619.993690		96.769997		0.093494		6899.872930
4619.994026		97.730003		0.065861		6904.865791
4619.997684		98.290001		0.051904		6909.883137
4620.003332		98.019997		0.058031		6914.932703
4629.993677		97.870003		0.063085		6920.044616
4639.978654		97.459999		0.071898		6925.208725
4639.993663		97.139999		0.078467		6930.256624
4639.998263		96.720001		0.093145		6935.427685
4640.000936		97.940002		0.061308		6940.519666
4649.993649		97.690002		0.066857		6945.670353
4649.997630		97.160004		0.079115		6950.750597
4650.003354		96.760002		0.090749		6955.794467
4659.978562		96.309998		0.103227		6960.857375
4659.993636		96.059998		0.111259		6965.891132
4669.993622		95.830002		0.118895		6970.997156
4679.978470		95.260002		0.134851		6976.229186
4679.993608		95.000000		0.142168		6981.667108
4679.993948		96.879997		0.086629		6986.979229
4679.998248		96.320000		0.102683		6992.388313
4680.002644		97.739998		0.064873		6997.551103
4680.003375		97.370003		0.074159		7002.813536
4689.993595		97.080002		0.080751		7007.971670
4689.997649		97.959999		0.058335		7012.946921
4699.978378		97.629997		0.066113		7018.035072
4699.993581		97.410004		0.072156		7023.114071
4699.997605		96.790001		0.087219		7028.270112
4700.002632		97.980003		0.058026		7033.298063
4709.993568		97.809998		0.063070		7038.369133
4710.003397		97.449997		0.072511		7043.501953
4719.978286		96.970001		0.083159		7048.629064
4719.993554		96.809998		0.089955		7053.806044
4719.998234		96.180000		0.106929		7058.924519
4720.000952		97.589996		0.067604		7063.942026
4729.993540		97.400002		0.073900		7069.172037
4739.978194		96.910004		0.084879		7074.251627
4739.993527		96.680000		0.092073		7079.326537
4739.993870		97.790001		0.064601		7084.301908
4740.003419		97.330002		0.074147		7089.338932
4749.993513		97.029999		0.080827		7094.375039
4749.997579		96.540001		0.097186		7099.430027
4759.978102		96.139999		0.110081		7104.508092
4759.993499		95.900002		0.117636		7109.592528
4759.997614		97.419998		0.072394		7114.590014
4759.998219		96.870003		0.086276		7119.635066
4769.993486		96.669998		0.093695		7124.701948
4770.002695		97.870003		0.061904		7129.678997
4770.003440		97.459999		0.071390		7134.750972
4779.978010		97.040001		0.081639		7139.789907
4779.993472		96.809998		0.088630		7144.841056
4789.993458		96.620003		0.095784		7149.937001
4799.977918		96.169998		0.108597		7155.010953
4799.993445		95.849998		0.115850		7160.040961
4799.993793		97.300003		0.074639		7165.011962
4799.997554		96.699997		0.092197		7170.011282
4799.998204		96.190002		0.109239		7175.160359
4800.000968		97.559998		0.068500		7180.164937
4800.002687		98.300003		0.050405		7185.147123
4800.003462		98.050003		0.055479		7190.225924
4809.993431		97.930000		0.060314		7195.325957
4819.977826		97.580002		0.068824		7200.514966
4819.993417		97.209999		0.075115		7205.637810
4829.993404		97.050003		0.082294		7210.745897
4829.997579		97.989998		0.057770		7215.788912
4830.003484		97.699997		0.066124		7220.819346
4839.977734		97.199997		0.075989		7225.862941
4839.993390		97.010002		0.082859		7230.948852
4839.998189		96.510002		0.098188		7236.034867
4849.993376		96.300003		0.105863		7241.115152
4849.997528		95.599998		0.126296		7246.152738
4859.977642		95.110001		0.139935		7251.205903
4859.993363		94.839996		0.147334		7256.280891
4859.993715		96.900002		0.086651		7261.230888
4860.002745		97.949997		0.059399		7266.166133
4860.003505		97.559998		0.067838		7271.184849
4869.993349		97.349998		0.074090		7276.256002
4879.977550		96.970001		0.084525		7281.317929
4879.993335		96.760002		0.091463		7286.380905
4879.998174		96.209999		0.107774		7291.431885
4880.000985		97.629997		0.066153		7296.376896
4889.993322		97.419998		0.071908		7301.406004
4890.003527		97.050003		0.082396		7306.469719
4899.977458		96.650002		0.093811		7311.534641
4899.993308		96.480003		0.101477		7316.566837
4899.997503		95.779999		0.119774		7321.652813
4899.997544		97.309998		0.075044		7326.617855
4900.002743		98.199997		0.054111		7331.592828
4909.993294		98.000000		0.058328		7336.737833
4919.977366		97.709999		0.066549		7341.821694
4919.993281		97.400002		0.072520		7346.915921
4919.993638		98.139999		0.055048		7351.992814
4919.998159		97.830002		0.063876		7357.040754
4920.003548		97.349998		0.073682		7362.118693
4929.993267		97.169998		0.080174		7367.160774
4939.977274		96.750000		0.090767		7372.270713
4939.993253		96.500000		0.098075		7377.293730
4949.993240		96.290001		0.105538		7382.351790
4949.997477		95.610001		0.124929		7387.439777
4950.002796		97.379997		0.074502		7392.408754
4950.003570		96.940002		0.085318		7397.492064
4959.977182		96.559998		0.097266		7402.539262
4959.993226		96.360001		0.104355		7407.577231
4959.998144		95.790001		0.122964		7412.596581
4960.001001		97.480003		0.071604		7417.605173
4969.993212		97.199997		0.077783		7422.661214
4969.997509		98.099998		0.055770		7427.667220
4979.977090		97.830002		0.063285		7432.762241
4979.993199		97.559998		0.069245		7437.845700
4979.993560		98.230003		0.052761		7442.860207
4980.003592		97.989998		0.059343		7447.906245
4989.993185		97.750000		0.064888		7453.019232
4999.976998		97.400002		0.074433		7458.042251
4999.993171		97.059998		0.080979		7463.124230
4999.997452		96.629997		0.097297		7468.141778
4999.998129		95.910004		0.115735		7473.221220
5000.002799		97.830002		0.063597		7478.166183
